wavelength,intensity
198.5,5.135e-33
198.51,1.322e-32
198.53,8.78e-32
198.55,5.579e-31
198.56,1.3930000000000001e-30
198.58,1.115e-29
198.6,6.800999999999999e-29
198.61,1.665e-28
198.63,9.799000000000001e-28
198.65,5.635e-27
198.66,1.3400000000000002e-26
198.68,7.439e-26
198.7,4.036e-25
198.71,9.320000000000001e-25
198.73,4.884e-24
198.75,2.501e-23
198.76,5.611e-23
198.78,2.776e-22
198.79,6.12e-22
198.81,2.924e-21
198.83,1.366e-20
198.84,2.926e-20
198.86,1.32e-19
198.88,5.82e-19
198.89,1.211e-18
198.91,5.16e-18
198.93,2.148e-17
198.94,4.345e-17
198.96,1.747e-16
198.98,6.864e-16
198.99,1.349e-15
199.01,5.12e-15
199.03,1.899e-14
199.04,3.624e-14
199.06,1.298e-13
199.08,4.542e-13
199.09,8.421e-13
199.11,2.845e-12
199.12,5.184e-12
199.14,1.691e-11
199.16,5.386e-11
199.17,9.53e-11
199.19,2.93e-10
199.21,8.8e-10
199.22,1.512e-09
199.24,4.381e-09
199.26,1.24e-08
199.27,2.067e-08
199.29,5.643e-08
199.31,1.504e-07
199.32,2.434e-07
199.34,6.26e-07
199.36,1.571e-06
199.37,2.467e-06
199.39,5.973e-06
199.41,1.412e-05
199.42,2.151e-05
199.44,4.901e-05
199.46,0.000109
199.47,0.0001611
199.49,0.0003455
199.5,0.0005013
199.52,0.001037
199.54,0.002091
199.55,0.002944
199.57,0.005725
199.59,0.01087
199.6,0.01483
199.62,0.02714
199.64,0.04845
199.65,0.06414
199.67,0.1104
199.69,0.1853
199.7,0.2379
199.72,0.3849
199.74,0.6076
199.75,0.7564
199.77,1.151
199.79,1.708
199.8,2.062
199.82,2.95
199.84,4.117
199.85,4.818
199.87,6.48
199.88,7.446
199.9,9.649
199.92,12.2
199.93,13.59
199.95,16.56
199.97,19.68
199.98,21.26
200.0,24.35
200.02,27.21
200.03,28.49
200.05,30.68
200.07,32.22
200.08,32.72
200.1,33.12
200.12,32.71
200.13,32.21
200.15,30.66
200.17,28.48
200.18,27.2
200.2,24.37
200.22,21.32
200.23,19.77
200.25,16.71
200.26,15.24
200.28,12.47
200.3,10.02
200.31,8.928
200.33,7.017
200.35,5.472
200.36,4.829
200.38,3.781
200.4,3.011
200.41,2.715
200.43,2.278
200.45,2.011
200.46,1.931
200.48,1.868
200.5,1.92
200.51,1.988
200.53,2.209
200.55,2.55
200.56,2.769
200.58,3.31
200.59,3.633
200.61,4.388
200.63,5.284
200.64,5.78
200.66,6.855
200.68,8.01
200.69,8.604
200.71,9.795
200.73,10.94
200.74,11.48
200.76,12.47
200.78,13.3
200.79,13.65
200.81,14.21
200.83,14.59
200.84,14.74
200.86,14.95
200.88,15.12
200.89,15.21
200.91,15.47
200.93,15.87
200.94,16.14
200.96,16.85
200.97,17.29
200.99,18.32
201.01,19.53
201.02,20.18
201.04,21.49
201.06,22.74
201.07,23.31
201.09,24.25
201.11,24.87
201.12,25.03
201.14,25.03
201.16,24.61
201.17,24.24
201.19,23.24
201.21,21.94
201.22,21.21
201.24,19.66
201.26,18.09
201.27,17.32
201.29,15.88
201.31,14.63
201.32,14.09
201.34,13.22
201.35,12.89
201.37,12.45
201.39,12.29
201.4,12.31
201.42,12.55
201.44,13.03
201.45,13.35
201.47,14.12
201.49,15.04
201.5,15.54
201.52,16.58
201.54,17.64
201.55,18.16
201.57,19.16
201.59,20.07
201.6,20.47
201.62,21.18
201.64,21.75
201.65,21.99
201.67,22.39
201.69,22.72
201.7,22.87
201.72,23.2
201.73,23.38
201.75,23.81
201.77,24.36
201.78,24.68
201.8,25.41
201.82,26.25
201.83,26.7
201.85,27.61
201.87,28.49
201.88,28.9
201.9,29.61
201.92,30.14
201.93,30.32
201.95,30.49
201.97,30.41
201.98,30.27
202.0,29.8
202.02,29.11
202.03,28.69
202.05,27.71
202.06,27.17
202.08,25.97
202.1,24.67
202.11,23.98
202.13,22.57
202.15,21.14
202.16,20.44
202.18,19.14
202.2,18.09
202.21,17.72
202.23,17.44
202.25,18.06
202.26,18.85
202.28,21.68
202.3,26.74
202.31,30.33
202.33,40.15
202.35,54.25
202.36,63.21
202.38,85.53
202.4,114.4
202.41,131.5
202.43,171.4
202.44,194.1
202.46,245.0
202.48,302.3
202.49,333.0
202.51,396.8
202.53,461.9
202.54,493.9
202.56,554.8
202.58,608.6
202.59,631.7
202.61,668.4
202.63,690.6
202.64,695.7
202.66,693.4
202.68,674.8
202.69,659.7
202.71,619.4
202.73,567.8
202.74,538.8
202.76,476.6
202.78,411.7
202.79,379.3
202.81,316.4
202.82,286.4
202.84,230.7
202.86,181.8
202.87,160.0
202.89,122.1
202.91,91.34
202.92,78.47
202.94,57.27
202.96,41.32
202.97,35.03
202.99,25.22
203.01,18.43
203.02,15.93
203.04,12.35
203.06,10.26
203.07,9.644
203.09,9.085
203.11,9.232
203.12,9.513
203.14,10.4
203.16,11.61
203.17,12.31
203.19,13.8
203.2,14.57
203.22,16.08
203.24,17.48
203.25,18.1
203.27,19.12
203.29,19.79
203.3,19.98
203.32,20.05
203.34,19.72
203.35,19.4
203.37,18.53
203.39,17.39
203.4,16.75
203.42,15.39
203.44,14.02
203.45,13.36
203.47,12.15
203.49,11.15
203.5,10.75
203.52,10.15
203.53,9.954
203.55,9.782
203.57,9.869
203.58,9.997
203.6,10.38
203.62,10.89
203.63,11.17
203.65,11.72
203.67,12.22
203.68,12.43
203.7,12.75
203.72,12.91
203.73,12.93
203.75,12.85
203.77,12.65
203.78,12.51
203.8,12.23
203.82,11.99
203.83,11.92
203.85,11.92
203.87,12.2
203.88,12.47
203.9,13.31
203.91,13.9
203.93,15.4
203.95,17.34
203.96,18.46
203.98,20.95
204.0,23.68
204.01,25.08
204.03,27.86
204.05,30.46
204.06,31.64
204.08,33.62
204.1,35.0
204.11,35.43
204.13,35.71
204.15,35.22
204.16,34.69
204.18,33.1
204.2,30.91
204.21,29.64
204.23,26.84
204.25,23.85
204.26,22.33
204.28,19.34
204.29,17.91
204.31,15.22
204.33,12.83
204.34,11.76
204.36,9.877
204.38,8.326
204.39,7.665
204.41,6.543
204.43,5.645
204.44,5.264
204.46,4.606
204.48,4.054
204.49,3.807
204.51,3.354
204.53,2.946
204.54,2.755
204.56,2.401
204.58,2.084
204.59,1.941
204.61,1.691
204.62,1.586
204.64,1.416
204.66,1.305
204.67,1.272
204.69,1.251
204.71,1.289
204.72,1.329
204.74,1.448
204.76,1.617
204.77,1.72
204.79,1.96
204.81,2.251
204.82,2.418
204.84,2.799
204.86,3.26
204.87,3.526
204.89,4.144
204.91,4.898
204.92,5.335
204.94,6.338
204.96,7.527
204.97,8.193
204.99,9.662
205.0,10.46
205.02,12.15
205.04,13.93
205.05,14.82
205.07,16.57
205.09,18.19
205.1,18.92
205.12,20.16
205.14,21.03
205.15,21.3
205.17,21.52
205.19,21.27
205.2,20.98
205.22,20.09
205.24,18.86
205.25,18.15
205.27,16.61
205.29,15.04
205.3,14.28
205.32,12.93
205.34,11.96
205.35,11.68
205.37,11.7
205.38,12.08
205.4,13.84
205.42,17.44
205.43,20.17
205.45,28.17
205.47,40.8
205.48,49.44
205.5,72.94
205.52,107.3
205.53,129.7
205.55,187.9
205.57,267.9
205.58,317.8
205.6,440.9
205.62,599.5
205.63,693.6
205.65,913.8
205.67,1178.0
205.68,1326.0
205.7,1652.0
205.72,2012.0
205.73,2202.0
205.75,2591.0
205.76,2787.0
205.78,3168.0
205.8,3518.0
205.81,3675.0
205.83,3942.0
205.85,4130.0
205.86,4190.0
205.88,4239.0
205.9,4189.0
205.91,4128.0
205.93,3940.0
205.95,3673.0
205.96,3515.0
205.98,3164.0
206.0,2783.0
206.01,2587.0
206.03,2198.0
206.05,1825.0
206.06,1649.0
206.08,1324.0
206.09,1177.0
206.11,915.3
206.13,697.7
206.14,605.0
206.16,449.4
206.18,329.5
206.19,281.3
206.21,204.6
206.23,149.5
206.24,128.5
206.26,96.56
206.28,74.91
206.29,66.92
206.31,55.03
206.33,46.95
206.34,43.88
206.36,39.0
206.38,35.22
206.39,33.59
206.41,30.64
206.43,27.97
206.44,26.71
206.46,24.34
206.47,23.22
206.49,21.12
206.51,19.22
206.52,18.36
206.54,16.8
206.56,15.49
206.57,14.92
206.59,13.96
206.61,13.23
206.62,12.94
206.64,12.51
206.66,12.24
206.67,12.15
206.69,12.08
206.71,12.1
206.72,12.13
206.74,12.23
206.76,12.35
206.77,12.4
206.79,12.5
206.81,12.55
206.82,12.56
206.84,12.55
206.85,12.53
206.87,12.47
206.89,12.44
206.9,12.46
206.92,12.6
206.94,12.98
206.95,13.31
206.97,14.32
206.99,15.95
207.0,17.06
207.02,19.98
207.04,23.98
207.05,26.44
207.07,32.37
207.09,39.73
207.1,43.95
207.12,53.46
207.14,64.27
207.15,70.09
207.17,82.36
207.19,95.11
207.2,101.5
207.22,113.9
207.23,119.8
207.25,130.5
207.27,139.3
207.28,142.9
207.3,147.9
207.32,149.9
207.33,149.7
207.35,147.0
207.37,141.5
207.38,137.7
207.4,128.3
207.42,117.2
207.43,111.2
207.45,98.52
207.47,85.59
207.48,79.21
207.5,66.9
207.52,55.5
207.53,50.24
207.55,40.7
207.56,36.44
207.58,28.96
207.6,22.81
207.61,20.19
207.63,15.82
207.65,12.43
207.66,11.06
207.68,8.861
207.7,7.272
207.71,6.667
207.73,5.774
207.75,5.241
207.76,5.094
207.78,5.024
207.8,5.259
207.81,5.503
207.83,6.287
207.85,7.563
207.86,8.435
207.88,10.78
207.9,14.14
207.91,16.31
207.93,21.86
207.94,25.35
207.96,34.06
207.98,45.5
207.99,52.41
208.01,68.91
208.03,89.32
208.04,101.1
208.06,127.8
208.08,158.7
208.09,175.7
208.11,212.1
208.13,251.3
208.14,271.6
208.16,312.6
208.18,353.2
208.19,372.9
208.21,410.2
208.23,443.7
208.24,458.7
208.26,485.0
208.28,506.0
208.29,514.6
208.31,528.3
208.32,533.4
208.34,541.0
208.36,545.3
208.37,546.5
208.39,547.3
208.41,545.8
208.42,544.2
208.44,539.2
208.46,531.0
208.47,525.5
208.49,511.3
208.51,492.4
208.52,481.1
208.54,454.5
208.56,423.2
208.57,406.0
208.59,369.0
208.61,329.6
208.62,309.5
208.64,269.3
208.66,230.3
208.67,211.6
208.69,176.5
208.7,160.3
208.72,131.0
208.74,105.8
208.75,94.83
208.77,75.84
208.79,60.54
208.8,54.12
208.82,43.41
208.84,35.06
208.85,31.61
208.87,25.87
208.89,21.33
208.9,19.4
208.92,16.09
208.94,13.32
208.95,12.1
208.97,9.938
208.99,8.08
209.0,7.255
209.02,5.794
209.03,5.154
209.05,4.044
209.07,3.147
209.08,2.772
209.1,2.158
209.12,1.709
209.13,1.539
209.15,1.298
209.17,1.173
209.18,1.148
209.2,1.168
209.22,1.27
209.23,1.349
209.25,1.558
209.27,1.831
209.28,1.99
209.3,2.346
209.32,2.749
209.33,2.964
209.35,3.417
209.37,3.887
209.38,4.124
209.4,4.59
209.41,4.815
209.43,5.239
209.45,5.614
209.46,5.778
209.48,6.054
209.5,6.254
209.51,6.325
209.53,6.41
209.55,6.424
209.56,6.408
209.58,6.339
209.6,6.235
209.61,6.175
209.63,6.049
209.65,5.926
209.66,5.869
209.68,5.767
209.7,5.683
209.71,5.646
209.73,5.578
209.75,5.509
209.76,5.471
209.78,5.377
209.79,5.319
209.81,5.177
209.83,4.996
209.84,4.891
209.86,4.659
209.88,4.409
209.89,4.285
209.91,4.06
209.93,3.902
209.94,3.865
209.96,3.921
209.98,4.223
209.99,4.5
210.01,5.387
210.03,6.848
210.04,7.851
210.06,10.53
210.08,14.29
210.09,16.65
210.11,22.49
210.13,29.99
210.14,34.42
210.16,44.72
210.17,50.61
210.19,63.81
210.21,78.78
210.22,86.82
210.24,103.7
210.26,121.3
210.27,130.0
210.29,147.0
210.31,162.6
210.32,169.5
210.34,181.3
210.36,189.5
210.37,192.2
210.39,194.4
210.41,192.2
210.42,189.5
210.44,181.2
210.46,169.5
210.47,162.5
210.49,147.0
210.5,138.6
210.52,121.3
210.54,103.8
210.55,95.28
210.57,78.99
210.59,64.16
210.6,57.4
210.62,45.32
210.64,35.21
210.65,30.89
210.67,23.62
210.69,18.03
210.7,15.8
210.72,12.28
210.74,9.851
210.75,8.965
210.77,7.727
210.79,7.051
210.8,6.878
210.82,6.791
210.84,6.987
210.85,7.178
210.87,7.741
210.88,8.118
210.9,9.103
210.92,10.48
210.93,11.36
210.95,13.61
210.97,16.73
210.98,18.71
211.0,23.71
211.02,30.43
211.03,34.58
211.05,44.7
211.07,57.65
211.08,65.31
211.1,83.21
211.12,104.7
211.13,116.9
211.15,143.8
211.17,174.0
211.18,190.2
211.2,224.2
211.22,259.7
211.23,277.8
211.25,313.9
211.26,331.8
211.28,367.3
211.3,402.7
211.31,420.7
211.33,458.7
211.35,502.6
211.36,528.1
211.38,590.5
211.4,674.2
211.41,726.8
211.43,859.3
211.45,1036.0
211.46,1145.0
211.48,1405.0
211.5,1731.0
211.51,1919.0
211.53,2345.0
211.55,2833.0
211.56,3098.0
211.58,3659.0
211.6,4246.0
211.61,4541.0
211.63,5118.0
211.64,5392.0
211.66,5893.0
211.68,6308.0
211.69,6475.0
211.71,6716.0
211.73,6820.0
211.74,6819.0
211.76,6710.0
211.78,6468.0
211.79,6301.0
211.81,5889.0
211.83,5395.0
211.84,5125.0
211.86,4559.0
211.88,3980.0
211.89,3693.0
211.91,3141.0
211.93,2630.0
211.94,2396.0
211.96,1975.0
211.97,1792.0
211.99,1484.0
212.01,1261.0
212.02,1184.0
212.04,1106.0
212.06,1143.0
212.07,1210.0
212.09,1458.0
212.11,1886.0
212.12,2180.0
212.14,2955.0
212.16,4025.0
212.17,4687.0
212.19,6299.0
212.21,8338.0
212.22,9531.0
212.24,12280.0
212.26,15520.0
212.27,17320.0
212.29,21240.0
212.31,25530.0
212.32,27780.0
212.34,32370.0
212.35,34680.0
212.37,39170.0
212.39,43340.0
212.4,45230.0
212.42,48500.0
212.44,50920.0
212.45,51770.0
212.47,52670.0
212.49,52470.0
212.5,51960.0
212.52,50180.0
212.54,47460.0
212.55,45810.0
212.57,42030.0
212.59,37800.0
212.6,35590.0
212.62,31100.0
212.64,26690.0
212.65,24560.0
212.67,20550.0
212.69,16930.0
212.7,15290.0
212.72,12360.0
212.73,11070.0
212.75,8830.0
212.77,7006.0
212.78,6235.0
212.8,4942.0
212.82,3933.0
212.83,3518.0
212.85,2838.0
212.87,2321.0
212.88,2111.0
212.9,1772.0
212.92,1516.0
212.93,1413.0
212.95,1246.0
212.97,1118.0
212.98,1065.0
213.0,975.3
213.02,900.7
213.03,867.0
213.05,804.0
213.06,773.8
213.08,714.5
213.1,655.7
213.11,626.5
213.13,568.9
213.15,513.8
213.16,487.7
213.18,440.0
213.2,400.4
213.21,384.4
213.23,361.4
213.25,352.3
213.26,353.5
213.28,368.3
213.3,400.1
213.31,422.5
213.33,480.0
213.35,553.3
213.36,595.1
213.38,687.4
213.4,787.7
213.41,839.4
213.43,942.6
213.44,992.7
213.46,1086.0
213.48,1166.0
213.49,1199.0
213.51,1249.0
213.53,1274.0
213.54,1277.0
213.56,1262.0
213.58,1222.0
213.59,1193.0
213.61,1120.0
213.63,1030.0
213.64,980.8
213.66,875.9
213.68,768.0
213.69,714.5
213.71,611.3
213.73,516.2
213.74,472.5
213.76,393.8
213.78,327.6
213.79,299.1
213.81,251.0
213.82,231.0
213.84,198.1
213.86,173.4
213.87,163.4
213.89,147.2
213.91,134.5
213.92,129.0
213.94,119.1
213.96,109.8
213.97,105.2
213.99,95.91
214.01,86.33
214.02,81.45
214.04,71.61
214.06,61.9
214.07,57.18
214.09,48.19
214.11,40.04
214.12,36.37
214.14,29.97
214.16,25.04
214.17,23.2
214.19,20.92
214.2,20.57
214.22,21.64
214.24,25.5
214.25,28.65
214.27,37.84
214.29,51.55
214.3,60.39
214.32,82.64
214.34,111.8
214.35,129.3
214.37,170.4
214.39,220.2
214.4,248.5
214.42,311.2
214.44,381.7
214.45,419.3
214.47,498.0
214.49,578.9
214.5,619.2
214.52,697.0
214.53,733.5
214.55,799.5
214.57,852.9
214.58,873.9
214.6,902.8
214.62,913.2
214.63,911.2
214.65,893.1
214.67,857.7
214.68,834.4
214.7,778.4
214.72,713.8
214.73,679.7
214.75,611.0
214.77,545.9
214.78,516.3
214.8,465.7
214.82,430.3
214.83,419.4
214.85,413.3
214.87,430.1
214.88,447.7
214.9,501.5
214.91,537.8
214.93,628.5
214.95,741.5
214.96,805.4
214.98,944.8
215.0,1095.0
215.01,1172.0
215.03,1325.0
215.05,1470.0
215.06,1537.0
215.08,1655.0
215.1,1744.0
215.11,1777.0
215.13,1815.0
215.15,1815.0
215.16,1801.0
215.18,1745.0
215.2,1654.0
215.21,1598.0
215.23,1468.0
215.25,1320.0
215.26,1242.0
215.28,1082.0
215.29,1002.0
215.31,845.4
215.33,698.8
215.34,630.3
215.36,505.0
215.38,396.3
215.39,348.5
215.41,265.3
215.43,198.1
215.44,169.9
215.46,123.3
215.48,87.83
215.49,73.65
215.51,51.17
215.53,35.04
215.54,28.86
215.56,19.42
215.58,12.99
215.59,10.61
215.61,7.105
215.63,4.806
215.64,3.979
215.66,2.78
215.67,2.351
215.69,1.729
215.71,1.323
215.72,1.175
215.74,0.9573
215.76,0.8155
215.77,0.7669
215.79,0.7094
215.81,0.705
215.82,0.7247
215.84,0.8154
215.86,0.9887
215.87,1.113
215.89,1.453
215.91,1.938
215.92,2.246
215.94,3.012
215.96,4.006
215.97,4.599
215.99,5.994
216.0,6.801
216.02,8.643
216.04,10.79
216.05,11.97
216.07,14.52
216.09,17.29
216.1,18.73
216.12,21.68
216.14,24.61
216.15,26.04
216.17,28.75
216.19,31.15
216.2,32.21
216.22,33.99
216.24,35.27
216.25,35.73
216.27,36.29
216.29,36.46
216.3,36.44
216.32,36.31
216.34,36.29
216.35,36.43
216.37,37.22
216.38,37.98
216.4,40.55
216.42,44.96
216.43,48.04
216.45,56.32
216.47,67.99
216.48,75.3
216.5,93.29
216.52,116.3
216.53,129.9
216.55,161.5
216.57,199.6
216.58,221.2
216.6,269.6
216.62,325.3
216.63,355.9
216.65,422.7
216.67,497.0
216.68,536.8
216.7,621.8
216.72,713.3
216.73,761.3
216.75,860.7
216.76,911.8
216.78,1016.0
216.8,1119.0
216.81,1170.0
216.83,1267.0
216.85,1354.0
216.86,1393.0
216.88,1459.0
216.9,1506.0
216.91,1521.0
216.93,1533.0
216.95,1519.0
216.96,1503.0
216.98,1451.0
217.0,1378.0
217.01,1334.0
217.03,1234.0
217.05,1124.0
217.06,1068.0
217.08,954.7
217.1,848.3
217.11,799.6
217.13,715.5
217.14,681.5
217.16,633.0
217.18,614.3
217.19,617.4
217.21,650.1
217.23,719.4
217.24,768.1
217.26,892.6
217.28,1051.0
217.29,1142.0
217.31,1343.0
217.33,1564.0
217.34,1678.0
217.36,1910.0
217.38,2134.0
217.39,2240.0
217.41,2432.0
217.43,2587.0
217.44,2648.0
217.46,2732.0
217.47,2754.0
217.49,2754.0
217.51,2698.0
217.52,2650.0
217.54,2517.0
217.56,2341.0
217.57,2240.0
217.59,2020.0
217.61,1785.0
217.62,1665.0
217.64,1426.0
217.66,1197.0
217.67,1088.0
217.69,886.3
217.71,707.6
217.72,627.6
217.74,486.7
217.76,370.3
217.77,320.8
217.79,237.5
217.81,172.8
217.82,146.5
217.84,104.1
217.85,87.31
217.87,60.79
217.89,41.86
217.9,34.62
217.92,23.56
217.94,15.97
217.95,13.14
217.97,8.925
217.99,6.112
218.0,5.085
218.02,3.586
218.04,2.633
218.05,2.311
218.07,1.917
218.09,1.821
218.1,1.886
218.12,2.277
218.14,3.109
218.15,3.743
218.17,5.604
218.19,8.55
218.2,10.57
218.22,16.09
218.23,19.77
218.25,29.52
218.27,43.37
218.28,52.22
218.3,74.65
218.32,104.7
218.33,123.1
218.35,167.6
218.37,223.6
218.38,256.4
218.4,331.9
218.42,421.0
218.43,470.5
218.45,578.6
218.47,697.1
218.48,759.3
218.5,887.0
218.52,1015.0
218.53,1077.0
218.55,1195.0
218.57,1298.0
218.58,1343.0
218.6,1415.0
218.61,1441.0
218.63,1471.0
218.65,1472.0
218.66,1460.0
218.68,1416.0
218.7,1345.0
218.71,1301.0
218.73,1199.0
218.75,1081.0
218.76,1019.0
218.78,892.2
218.8,765.2
218.81,703.3
218.83,585.5
218.85,478.1
218.86,429.1
218.88,341.2
218.9,267.1
218.91,235.3
218.93,181.5
218.94,159.3
218.96,123.4
218.98,97.7
218.99,88.17
219.01,74.83
219.03,67.95
219.04,66.51
219.06,66.91
219.08,70.75
219.09,73.63
219.11,80.76
219.13,88.99
219.14,93.26
219.16,101.7
219.18,109.3
219.19,112.7
219.21,118.1
219.23,121.6
219.24,122.6
219.26,122.7
219.28,120.7
219.29,118.8
219.31,113.8
219.32,110.7
219.34,103.6
219.36,95.69
219.37,91.65
219.39,83.7
219.41,76.37
219.42,73.07
219.44,67.46
219.46,63.38
219.47,61.97
219.49,60.44
219.51,60.6
219.52,61.28
219.54,63.69
219.56,67.27
219.57,69.42
219.59,74.19
219.61,79.35
219.62,81.98
219.64,87.16
219.66,92.07
219.67,94.37
219.69,98.6
219.7,100.5
219.72,104.0
219.74,107.0
219.75,108.3
219.77,110.8
219.79,113.2
219.8,114.4
219.82,116.8
219.84,119.5
219.85,120.9
219.87,124.1
219.89,127.6
219.9,129.6
219.92,133.7
219.94,138.1
219.95,140.4
219.97,145.0
219.99,149.5
220.0,151.6
220.02,155.7
220.04,159.4
220.05,161.1
220.07,164.3
220.08,165.9
220.1,169.6
220.12,174.5
220.13,177.8
220.15,187.0
220.17,201.3
220.18,211.0
220.2,237.3
220.22,275.0
220.23,299.1
220.25,359.4
220.27,438.2
220.28,485.2
220.3,595.6
220.32,728.4
220.33,803.2
220.35,968.2
220.37,1152.0
220.38,1249.0
220.4,1452.0
220.41,1555.0
220.43,1764.0
220.45,1967.0
220.46,2065.0
220.48,2249.0
220.5,2416.0
220.51,2493.0
220.53,2632.0
220.55,2756.0
220.56,2815.0
220.58,2931.0
220.6,3054.0
220.61,3123.0
220.63,3281.0
220.65,3479.0
220.66,3596.0
220.68,3872.0
220.7,4209.0
220.71,4401.0
220.73,4833.0
220.75,5325.0
220.76,5592.0
220.78,6163.0
220.79,6466.0
220.81,7103.0
220.83,7778.0
220.84,8128.0
220.86,8857.0
220.88,9626.0
220.89,10030.0
220.91,10870.0
220.93,11760.0
220.94,12230.0
220.96,13210.0
220.98,14240.0
220.99,14770.0
221.01,15840.0
221.03,16900.0
221.04,17410.0
221.06,18380.0
221.08,19220.0
221.09,19580.0
221.11,20140.0
221.13,20450.0
221.14,20510.0
221.16,20400.0
221.17,20240.0
221.19,19690.0
221.21,18860.0
221.22,18340.0
221.24,17150.0
221.26,15790.0
221.27,15060.0
221.29,13540.0
221.31,12010.0
221.32,11260.0
221.34,9836.0
221.36,8552.0
221.37,7980.0
221.39,7007.0
221.41,6295.0
221.42,6048.0
221.44,5787.0
221.46,5854.0
221.47,6014.0
221.49,6592.0
221.51,7507.0
221.52,8087.0
221.54,9473.0
221.55,10270.0
221.57,12040.0
221.59,14000.0
221.6,15030.0
221.62,17110.0
221.64,19170.0
221.65,20170.0
221.67,22000.0
221.69,23570.0
221.7,24230.0
221.72,25250.0
221.74,25840.0
221.75,25950.0
221.77,25830.0
221.79,25250.0
221.8,24790.0
221.82,23590.0
221.84,22050.0
221.85,21190.0
221.87,19300.0
221.88,18310.0
221.9,16260.0
221.92,14210.0
221.93,13200.0
221.95,11260.0
221.97,9460.0
221.98,8620.0
222.0,7077.0
222.02,5727.0
222.03,5125.0
222.05,4063.0
222.07,3182.0
222.08,2804.0
222.1,2162.0
222.12,1659.0
222.13,1452.0
222.15,1120.0
222.17,880.6
222.18,791.6
222.2,666.7
222.22,604.1
222.23,593.4
222.25,609.0
222.26,633.6
222.28,713.3
222.3,829.3
222.31,899.3
222.33,1060.0
222.35,1243.0
222.36,1340.0
222.38,1542.0
222.4,1745.0
222.41,1845.0
222.43,2032.0
222.45,2197.0
222.46,2268.0
222.48,2381.0
222.5,2451.0
222.51,2469.0
222.53,2467.0
222.55,2417.0
222.56,2375.0
222.58,2259.0
222.6,2106.0
222.61,2018.0
222.63,1826.0
222.64,1724.0
222.66,1515.0
222.68,1305.0
222.69,1202.0
222.71,1006.0
222.73,825.7
222.74,742.9
222.76,593.0
222.78,465.0
222.79,409.1
222.81,312.9
222.83,235.7
222.84,203.6
222.86,150.6
222.88,110.5
222.89,94.53
222.91,69.11
222.93,50.77
222.94,43.69
222.96,32.75
222.97,28.58
222.99,22.19
223.01,17.75
223.02,16.06
223.04,13.48
223.06,11.69
223.07,11.02
223.09,10.02
223.11,9.405
223.12,9.22
223.14,9.071
223.16,9.199
223.17,9.363
223.19,9.886
223.21,10.66
223.22,11.14
223.24,12.28
223.26,13.63
223.27,14.38
223.29,15.98
223.31,17.69
223.32,18.56
223.34,20.3
223.35,21.14
223.37,22.73
223.39,24.1
223.4,24.68
223.42,25.6
223.44,26.13
223.45,26.24
223.47,26.13
223.49,25.6
223.5,25.19
223.52,24.1
223.54,22.7
223.55,21.92
223.57,20.23
223.59,18.47
223.6,17.6
223.62,15.9
223.64,14.34
223.65,13.64
223.67,12.4
223.69,11.41
223.7,11.01
223.72,10.41
223.73,10.2
223.75,9.944
223.77,9.874
223.78,9.895
223.8,10.02
223.82,10.2
223.83,10.31
223.85,10.51
223.87,10.68
223.88,10.74
223.9,10.8
223.92,10.78
223.93,10.74
223.95,10.59
223.97,10.36
223.98,10.22
224.0,9.914
224.02,9.578
224.03,9.405
224.05,9.065
224.07,8.743
224.08,8.594
224.1,8.323
224.11,8.203
224.13,7.996
224.15,7.829
224.16,7.76
224.18,7.647
224.2,7.564
224.21,7.532
224.23,7.486
224.25,7.468
224.26,7.47
224.28,7.506
224.3,7.592
224.31,7.66
224.33,7.856
224.35,8.149
224.36,8.338
224.38,8.81
224.4,9.419
224.41,9.778
224.43,10.6
224.44,11.07
224.46,12.11
224.48,13.28
224.49,13.91
224.51,15.23
224.53,16.64
224.54,17.36
224.56,18.85
224.58,20.38
224.59,21.16
224.61,22.74
224.63,24.37
224.64,25.21
224.66,26.96
224.68,28.84
224.69,29.83
224.71,31.96
224.73,34.32
224.74,35.6
224.76,38.35
224.78,41.4
224.79,43.03
224.81,46.51
224.82,48.34
224.84,52.18
224.86,56.19
224.87,58.24
224.89,62.38
224.91,66.49
224.92,68.51
224.94,72.43
224.96,76.14
224.97,77.89
224.99,81.17
225.01,84.12
225.02,85.47
225.04,87.93
225.06,90.07
225.07,91.03
225.09,92.72
225.11,94.15
225.12,94.77
225.14,95.83
225.16,96.63
225.17,96.92
225.19,97.31
225.2,97.38
225.22,97.27
225.24,96.77
225.25,96.37
225.27,95.23
225.29,93.64
225.3,92.66
225.32,90.37
225.34,87.64
225.35,86.14
225.37,82.89
225.39,79.41
225.4,77.62
225.42,74.04
225.44,70.57
225.45,68.93
225.47,65.96
225.49,63.51
225.5,62.53
225.52,61.15
225.54,60.65
225.55,60.76
225.57,61.77
225.58,62.68
225.6,65.33
225.62,69.1
225.63,71.4
225.65,76.8
225.67,83.19
225.68,86.72
225.7,94.35
225.72,102.6
225.73,106.8
225.75,115.5
225.77,124.1
225.78,128.3
225.8,136.3
225.82,143.6
225.83,147.0
225.85,153.0
225.87,158.1
225.88,160.4
225.9,164.5
225.91,166.5
225.93,170.8
225.95,176.3
225.96,179.9
225.98,189.8
226.0,204.9
226.01,215.2
226.03,243.1
226.05,283.3
226.06,309.3
226.08,375.4
226.1,464.0
226.11,518.1
226.13,648.6
226.15,811.7
226.16,906.5
226.18,1124.0
226.2,1377.0
226.21,1517.0
226.23,1821.0
226.25,2151.0
226.26,2323.0
226.28,2675.0
226.29,2851.0
226.31,3195.0
226.33,3515.0
226.34,3661.0
226.36,3916.0
226.38,4111.0
226.39,4183.0
226.41,4268.0
226.43,4273.0
226.44,4246.0
226.46,4134.0
226.48,3951.0
226.49,3837.0
226.51,3573.0
226.53,3274.0
226.54,3117.0
226.56,2800.0
226.58,2494.0
226.59,2352.0
226.61,2098.0
226.63,1899.0
226.64,1824.0
226.66,1731.0
226.67,1716.0
226.69,1751.0
226.71,1878.0
226.72,1977.0
226.74,2246.0
226.76,2604.0
226.77,2815.0
226.79,3292.0
226.81,3830.0
226.82,4116.0
226.84,4707.0
226.86,5302.0
226.87,5593.0
226.89,6141.0
226.91,6623.0
226.92,6831.0
226.94,7164.0
226.96,7374.0
226.97,7428.0
226.99,7430.0
227.01,7292.0
227.02,7172.0
227.04,6839.0
227.05,6631.0
227.07,6144.0
227.09,5584.0
227.1,5286.0
227.12,4669.0
227.14,4045.0
227.15,3739.0
227.17,3148.0
227.19,2601.0
227.2,2347.0
227.22,1885.0
227.24,1486.0
227.25,1310.0
227.27,1006.0
227.29,758.8
227.3,655.4
227.32,483.9
227.34,353.8
227.35,302.0
227.37,220.6
227.38,189.3
227.4,142.3
227.42,111.8
227.43,101.3
227.45,87.91
227.47,82.06
227.48,81.23
227.5,82.57
227.52,86.69
227.53,89.41
227.55,95.6
227.57,102.2
227.58,105.5
227.6,111.7
227.62,117.4
227.63,120.0
227.65,124.6
227.67,128.6
227.68,130.3
227.7,133.5
227.72,136.3
227.73,137.6
227.75,140.3
227.76,141.6
227.78,144.3
227.8,147.1
227.81,148.5
227.83,151.3
227.85,153.8
227.86,154.9
227.88,156.7
227.9,157.7
227.91,157.9
227.93,157.4
227.95,155.6
227.96,154.2
227.98,150.5
228.0,145.3
228.01,142.3
228.03,135.3
228.05,127.3
228.06,123.0
228.08,113.8
228.1,104.2
228.11,99.24
228.13,89.4
228.14,84.54
228.16,75.1
228.18,66.23
228.19,62.08
228.21,54.42
228.23,47.74
228.24,44.8
228.26,39.72
228.28,35.73
228.29,34.12
228.31,31.63
228.33,30.0
228.34,29.46
228.36,28.83
228.38,28.67
228.39,28.7
228.41,28.89
228.43,29.13
228.44,29.23
228.46,29.31
228.48,29.2
228.49,29.05
228.51,28.58
228.52,28.25
228.54,27.46
228.56,26.51
228.57,26.0
228.59,24.96
228.61,23.94
228.62,23.45
228.64,22.57
228.66,21.81
228.67,21.49
228.69,20.94
228.71,20.5
228.72,20.31
228.74,19.96
228.76,19.59
228.77,19.39
228.79,18.92
228.81,18.32
228.82,17.96
228.84,17.13
228.85,16.66
228.87,15.59
228.89,14.4
228.9,13.77
228.92,12.46
228.94,11.14
228.95,10.48
228.97,9.226
228.99,8.078
229.0,7.558
229.02,6.647
229.04,5.934
229.05,5.658
229.07,5.278
229.09,5.132
229.1,5.148
229.12,5.355
229.14,5.789
229.15,6.088
229.17,6.837
229.19,7.775
229.2,8.308
229.22,9.488
229.23,10.13
229.25,11.5
229.27,12.95
229.28,13.71
229.3,15.24
229.32,16.79
229.33,17.57
229.35,19.08
229.37,20.55
229.38,21.25
229.4,22.6
229.42,23.86
229.43,24.46
229.45,25.6
229.47,26.72
229.48,27.28
229.5,28.45
229.52,29.79
229.53,30.54
229.55,32.32
229.57,34.56
229.58,35.89
229.6,39.06
229.61,40.93
229.63,45.28
229.65,50.52
229.66,53.47
229.68,60.02
229.7,67.37
229.71,71.31
229.73,79.61
229.75,88.31
229.76,92.75
229.78,101.7
229.8,110.8
229.81,115.4
229.83,124.7
229.85,134.9
229.86,140.6
229.88,153.9
229.9,171.6
229.91,182.9
229.93,212.6
229.95,255.5
229.96,283.6
229.98,357.2
229.99,404.6
230.01,525.8
230.03,690.2
230.04,791.8
230.06,1040.0
230.08,1357.0
230.09,1544.0
230.11,1981.0
230.13,2504.0
230.14,2799.0
230.16,3455.0
230.18,4192.0
230.19,4587.0
230.21,5418.0
230.23,6285.0
230.24,6723.0
230.26,7587.0
230.28,8406.0
230.29,8786.0
230.31,9466.0
230.32,9757.0
230.34,10220.0
230.36,10510.0
230.37,10590.0
230.39,10590.0
230.41,10390.0
230.42,10220.0
230.44,9757.0
230.46,9140.0
230.47,8785.0
230.49,8002.0
230.51,7154.0
230.52,6718.0
230.54,5841.0
230.56,4984.0
230.57,4572.0
230.59,3795.0
230.61,3092.0
230.62,2772.0
230.64,2197.0
230.66,1709.0
230.67,1498.0
230.69,1135.0
230.7,981.0
230.72,724.1
230.74,525.8
230.75,445.6
230.77,316.7
230.79,222.6
230.8,186.1
230.82,129.9
230.84,91.13
230.85,76.74
230.87,55.51
230.89,41.74
230.9,36.88
230.92,30.05
230.94,25.92
230.95,24.55
230.97,22.75
230.99,21.77
231.0,21.49
231.02,21.21
231.04,21.19
231.05,21.26
231.07,21.53
231.08,21.74
231.1,22.28
231.12,23.01
231.13,23.45
231.15,24.46
231.17,25.64
231.18,26.28
231.2,27.65
231.22,29.08
231.23,29.79
231.25,31.17
231.27,32.42
231.28,32.97
231.3,33.87
231.32,34.46
231.33,34.61
231.35,34.62
231.37,34.2
231.38,33.83
231.4,32.77
231.42,31.32
231.43,30.46
231.45,28.52
231.46,27.46
231.48,25.21
231.5,22.85
231.51,21.65
231.53,19.3
231.55,17.05
231.56,15.98
231.58,14.01
231.6,12.3
231.61,11.55
231.63,10.27
231.65,9.314
231.66,8.955
231.68,8.477
231.7,8.314
231.71,8.347
231.73,8.635
231.75,9.211
231.76,9.603
231.78,10.59
231.79,11.19
231.81,12.57
231.83,14.21
231.84,15.12
231.86,17.13
231.88,19.36
231.89,20.56
231.91,23.09
231.93,25.78
231.94,27.16
231.96,29.95
231.98,32.74
231.99,34.09
232.01,36.68
232.03,39.02
232.04,40.06
232.06,41.84
232.08,43.15
232.09,43.6
232.11,44.07
232.13,43.95
232.14,43.66
232.16,42.67
232.17,41.96
232.19,40.19
232.21,38.01
232.22,36.79
232.24,34.18
232.26,31.44
232.27,30.07
232.29,27.39
232.31,24.93
232.32,23.82
232.34,21.97
232.36,20.74
232.37,20.41
232.39,20.46
232.41,21.63
232.42,22.72
232.44,26.06
232.46,31.2
232.47,34.55
232.49,42.98
232.51,53.98
232.52,60.52
232.54,75.82
232.55,84.62
232.57,104.5
232.59,127.4
232.6,139.9
232.62,166.8
232.64,195.5
232.65,210.4
232.67,240.6
232.69,270.5
232.7,284.9
232.72,312.1
232.74,336.2
232.75,346.7
232.77,364.1
232.79,376.4
232.8,380.4
232.82,384.5
232.84,383.4
232.85,381.2
232.87,374.2
232.88,369.7
232.9,359.8
232.92,350.2
232.93,346.1
232.95,340.8
232.97,340.7
232.98,343.2
233.0,354.5
233.02,375.3
233.03,389.6
233.05,426.4
233.07,474.4
233.08,502.6
233.1,566.9
233.12,640.8
233.13,680.9
233.15,766.0
233.17,855.5
233.18,901.0
233.2,991.4
233.22,1078.0
233.23,1119.0
233.25,1193.0
233.26,1225.0
233.28,1279.0
233.3,1316.0
233.31,1328.0
233.33,1336.0
233.35,1323.0
233.36,1309.0
233.38,1266.0
233.4,1206.0
233.41,1171.0
233.43,1090.0
233.45,999.2
233.46,951.8
233.48,855.1
233.5,759.3
233.51,713.1
233.53,625.9
233.55,548.4
233.56,514.1
233.58,455.5
233.6,411.2
233.61,394.7
233.63,372.7
233.64,367.2
233.66,366.3
233.68,377.7
233.69,387.5
233.71,413.5
233.73,446.2
233.74,464.1
233.76,501.4
233.78,538.1
233.79,555.3
233.81,586.2
233.83,610.2
233.84,619.1
233.86,630.0
233.88,631.0
233.89,627.8
233.91,614.4
233.93,592.5
233.94,579.0
233.96,548.2
233.98,514.7
233.99,497.8
234.01,466.1
234.02,452.1
234.04,430.1
234.06,419.1
234.07,418.8
234.09,430.9
234.11,462.5
234.12,486.4
234.14,552.2
234.16,643.3
234.17,698.6
234.19,828.9
234.21,984.5
234.22,1071.0
234.24,1260.0
234.26,1467.0
234.27,1574.0
234.29,1795.0
234.31,2014.0
234.32,2122.0
234.34,2325.0
234.35,2419.0
234.37,2586.0
234.39,2719.0
234.4,2771.0
234.42,2842.0
234.44,2868.0
234.45,2864.0
234.47,2822.0
234.49,2739.0
234.5,2684.0
234.52,2552.0
234.54,2397.0
234.55,2314.0
234.57,2143.0
234.59,1973.0
234.6,1892.0
234.62,1742.0
234.64,1613.0
234.65,1559.0
234.67,1472.0
234.69,1416.0
234.7,1399.0
234.72,1387.0
234.73,1391.0
234.75,1415.0
234.77,1456.0
234.78,1481.0
234.8,1534.0
234.82,1587.0
234.83,1610.0
234.85,1648.0
234.87,1670.0
234.88,1673.0
234.9,1662.0
234.92,1628.0
234.93,1602.0
234.95,1533.0
234.97,1444.0
234.98,1393.0
235.0,1281.0
235.02,1160.0
235.03,1097.0
235.05,971.3
235.07,847.4
235.08,787.5
235.1,673.7
235.11,620.4
235.13,522.3
235.15,436.3
235.16,397.9
235.18,330.6
235.2,275.1
235.21,251.6
235.23,212.4
235.25,182.6
235.26,170.9
235.28,152.9
235.3,141.5
235.31,137.8
235.33,134.2
235.35,134.8
235.36,136.3
235.38,141.5
235.4,148.8
235.41,153.1
235.43,162.3
235.45,171.9
235.46,176.6
235.48,185.7
235.49,189.8
235.51,197.2
235.53,203.0
235.54,205.3
235.56,208.9
235.58,211.2
235.59,212.1
235.61,213.8
235.63,216.2
235.64,218.1
235.66,223.8
235.68,233.4
235.69,240.2
235.71,258.4
235.73,284.2
235.74,300.3
235.76,339.4
235.78,388.5
235.79,416.8
235.81,481.1
235.82,516.9
235.84,595.1
235.86,681.0
235.87,726.2
235.89,819.6
235.91,914.5
235.92,961.5
235.94,1053.0
235.96,1137.0
235.97,1175.0
235.99,1243.0
236.01,1296.0
236.02,1317.0
236.04,1344.0
236.06,1353.0
236.07,1351.0
236.09,1333.0
236.11,1297.0
236.12,1274.0
236.14,1218.0
236.16,1152.0
236.17,1117.0
236.19,1042.0
236.2,1005.0
236.22,931.5
236.24,863.3
236.25,832.4
236.27,779.0
236.29,739.6
236.3,726.1
236.32,713.0
236.34,720.7
236.35,733.0
236.37,776.2
236.39,845.9
236.4,891.4
236.42,1005.0
236.44,1151.0
236.45,1236.0
236.47,1433.0
236.49,1668.0
236.5,1799.0
236.52,2089.0
236.54,2416.0
236.55,2593.0
236.57,2969.0
236.58,3168.0
236.6,3580.0
236.62,4005.0
236.63,4218.0
236.65,4637.0
236.67,5034.0
236.68,5219.0
236.7,5554.0
236.72,5826.0
236.73,5935.0
236.75,6092.0
236.77,6159.0
236.78,6158.0
236.8,6085.0
236.82,5922.0
236.83,5809.0
236.85,5527.0
236.87,5183.0
236.88,4993.0
236.9,4591.0
236.92,4174.0
236.93,3967.0
236.95,3569.0
236.96,3383.0
236.98,3050.0
237.0,2783.0
237.01,2680.0
237.03,2542.0
237.05,2507.0
237.06,2532.0
237.08,2669.0
237.1,2931.0
237.11,3108.0
237.13,3558.0
237.15,4128.0
237.16,4457.0
237.18,5190.0
237.2,6010.0
237.21,6446.0
237.23,7349.0
237.25,8268.0
237.26,8723.0
237.28,9597.0
237.29,10010.0
237.31,10750.0
237.33,11360.0
237.34,11610.0
237.36,11960.0
237.38,12130.0
237.39,12130.0
237.41,11990.0
237.43,11650.0
237.44,11420.0
237.46,10820.0
237.48,10090.0
237.49,9681.0
237.51,8806.0
237.53,7883.0
237.54,7414.0
237.56,6483.0
237.58,5585.0
237.59,5157.0
237.61,4353.0
237.63,3632.0
237.64,3305.0
237.66,2721.0
237.67,2465.0
237.69,2021.0
237.71,1665.0
237.72,1517.0
237.74,1278.0
237.76,1106.0
237.77,1042.0
237.79,952.1
237.81,907.0
237.82,899.0
237.84,908.4
237.86,948.3
237.87,978.7
237.89,1060.0
237.91,1168.0
237.92,1233.0
237.94,1385.0
237.96,1569.0
237.97,1675.0
237.99,1917.0
238.01,2200.0
238.02,2357.0
238.04,2706.0
238.05,2897.0
238.07,3308.0
238.09,3755.0
238.1,3989.0
238.12,4470.0
238.14,4958.0
238.15,5198.0
238.17,5663.0
238.19,6088.0
238.2,6279.0
238.22,6609.0
238.24,6855.0
238.25,6942.0
238.27,7038.0
238.29,7026.0
238.3,6979.0
238.32,6805.0
238.34,6532.0
238.35,6362.0
238.37,5965.0
238.39,5506.0
238.4,5259.0
238.42,4744.0
238.43,4480.0
238.45,3952.0
238.47,3437.0
238.48,3189.0
238.5,2719.0
238.52,2292.0
238.53,2097.0
238.55,1745.0
238.57,1447.0
238.58,1318.0
238.6,1099.0
238.62,930.8
238.63,864.4
238.65,764.8
238.67,706.0
238.68,690.5
238.7,684.4
238.72,707.7
238.73,728.9
238.75,787.0
238.76,822.8
238.78,904.2
238.8,994.4
238.81,1041.0
238.83,1134.0
238.85,1221.0
238.86,1262.0
238.88,1332.0
238.9,1385.0
238.91,1405.0
238.93,1427.0
238.95,1426.0
238.96,1417.0
238.98,1382.0
239.0,1327.0
239.01,1292.0
239.03,1211.0
239.05,1117.0
239.06,1067.0
239.08,962.8
239.1,857.5
239.11,805.7
239.13,706.5
239.14,659.9
239.16,575.0
239.18,503.6
239.19,473.8
239.21,427.8
239.23,401.8
239.24,397.1
239.26,405.9
239.28,441.1
239.29,469.4
239.31,549.3
239.33,662.2
239.34,731.7
239.36,898.2
239.38,1102.0
239.39,1218.0
239.41,1476.0
239.43,1768.0
239.44,1925.0
239.46,2257.0
239.48,2604.0
239.49,2781.0
239.51,3132.0
239.52,3304.0
239.54,3631.0
239.56,3924.0
239.57,4054.0
239.59,4275.0
239.61,4435.0
239.62,4490.0
239.64,4548.0
239.66,4538.0
239.67,4507.0
239.69,4399.0
239.71,4237.0
239.72,4139.0
239.74,3917.0
239.76,3671.0
239.77,3543.0
239.79,3286.0
239.81,3036.0
239.82,2917.0
239.84,2695.0
239.86,2497.0
239.87,2408.0
239.89,2250.0
239.9,2181.0
239.92,2059.0
239.94,1956.0
239.95,1909.0
239.97,1823.0
239.99,1742.0
240.0,1702.0
240.02,1620.0
240.04,1533.0
240.05,1488.0
240.07,1394.0
240.09,1296.0
240.1,1245.0
240.12,1145.0
240.14,1049.0
240.15,1004.0
240.17,921.8
240.19,855.0
240.2,828.7
240.22,793.3
240.23,785.0
240.25,789.4
240.27,824.0
240.28,853.1
240.3,935.7
240.32,1050.0
240.33,1120.0
240.35,1280.0
240.37,1466.0
240.38,1567.0
240.4,1783.0
240.42,2011.0
240.43,2127.0
240.45,2357.0
240.47,2579.0
240.48,2684.0
240.5,2878.0
240.52,3043.0
240.53,3113.0
240.55,3224.0
240.57,3295.0
240.58,3314.0
240.6,3321.0
240.61,3308.0
240.63,3253.0
240.65,3161.0
240.66,3103.0
240.68,2965.0
240.7,2805.0
240.71,2719.0
240.73,2539.0
240.75,2354.0
240.76,2263.0
240.78,2085.0
240.8,1919.0
240.81,1843.0
240.83,1707.0
240.85,1596.0
240.86,1551.0
240.88,1485.0
240.9,1451.0
240.91,1446.0
240.93,1461.0
240.95,1505.0
240.96,1537.0
240.98,1620.0
240.99,1668.0
241.01,1777.0
241.03,1895.0
241.04,1955.0
241.06,2072.0
241.08,2181.0
241.09,2229.0
241.11,2312.0
241.13,2372.0
241.14,2391.0
241.16,2410.0
241.18,2400.0
241.19,2385.0
241.21,2335.0
241.23,2261.0
241.24,2216.0
241.26,2114.0
241.28,1998.0
241.29,1937.0
241.31,1809.0
241.33,1678.0
241.34,1612.0
241.36,1482.0
241.37,1417.0
241.39,1292.0
241.41,1171.0
241.42,1113.0
241.44,1001.0
241.46,894.7
241.47,844.0
241.49,747.4
241.51,657.2
241.52,614.6
241.54,534.5
241.56,461.5
241.57,427.7
241.59,365.5
241.61,310.8
241.62,286.2
241.64,242.4
241.66,205.6
241.67,189.7
241.69,162.4
241.7,151.0
241.72,131.9
241.74,117.3
241.75,111.4
241.77,101.9
241.79,94.95
241.8,92.18
241.82,87.63
241.84,83.97
241.85,82.32
241.87,79.15
241.89,75.95
241.9,74.28
241.92,70.74
241.94,66.95
241.95,64.98
241.97,60.95
241.99,56.95
242.0,55.03
242.02,51.47
242.04,48.5
242.05,47.31
242.07,45.68
242.08,45.29
242.1,45.53
242.12,47.28
242.13,48.79
242.15,53.16
242.17,59.45
242.18,63.34
242.2,72.65
242.22,83.99
242.23,90.4
242.25,104.6
242.27,120.5
242.28,128.9
242.3,146.7
242.32,165.1
242.33,174.4
242.35,192.9
242.37,210.6
242.38,219.0
242.4,234.4
242.42,247.5
242.43,253.0
242.45,261.6
242.46,264.7
242.48,268.1
242.5,267.9
242.51,266.5
242.53,261.1
242.55,252.8
242.56,247.6
242.58,235.8
242.6,222.5
242.61,215.6
242.63,201.6
242.65,188.1
242.66,181.8
242.68,170.3
242.7,161.0
242.71,157.2
242.73,151.8
242.75,149.1
242.76,148.9
242.78,150.6
242.79,152.5
242.81,158.1
242.83,165.9
242.84,170.5
242.86,180.9
242.88,192.4
242.89,198.3
242.91,210.6
242.93,222.8
242.94,228.7
242.96,240.4
242.98,251.5
242.99,257.0
243.01,267.8
243.03,279.2
243.04,285.4
243.06,299.8
243.08,318.3
243.09,330.0
243.11,359.9
243.13,402.0
243.14,429.1
243.16,498.7
243.17,542.8
243.19,653.9
243.21,802.1
243.22,892.8
243.24,1113.0
243.26,1391.0
243.27,1555.0
243.29,1937.0
243.31,2397.0
243.32,2657.0
243.34,3238.0
243.36,3898.0
243.37,4257.0
243.39,5022.0
243.41,5840.0
243.42,6263.0
243.44,7120.0
243.46,7969.0
243.47,8381.0
243.49,9160.0
243.51,9852.0
243.52,10160.0
243.54,10660.0
243.55,10860.0
243.57,11120.0
243.59,11210.0
243.6,11190.0
243.62,11000.0
243.64,10650.0
243.65,10410.0
243.67,9841.0
243.69,9153.0
243.7,8777.0
243.72,7978.0
243.74,7145.0
243.75,6726.0
243.77,5899.0
243.79,5109.0
243.8,4734.0
243.82,4033.0
243.84,3406.0
243.85,3123.0
243.87,2616.0
243.89,2188.0
243.9,2002.0
243.92,1681.0
243.93,1544.0
243.95,1312.0
243.97,1127.0
243.98,1050.0
244.0,919.3
244.02,815.3
244.03,771.2
244.05,695.4
244.07,632.8
244.08,605.5
244.1,557.4
244.12,517.0
244.13,499.4
244.15,469.1
244.17,445.4
244.18,436.0
244.2,422.2
244.22,414.9
244.23,413.7
244.25,415.8
244.26,419.0
244.28,429.3
244.3,444.0
244.31,452.7
244.33,472.1
244.35,493.2
244.36,503.9
244.38,525.1
244.4,544.9
244.41,554.0
244.43,570.0
244.45,582.3
244.46,587.0
244.48,592.9
244.5,594.1
244.51,592.9
244.53,587.0
244.55,576.5
244.56,569.6
244.58,552.9
244.6,532.7
244.61,521.4
244.63,496.8
244.64,483.7
244.66,456.2
244.68,427.5
244.69,412.9
244.71,383.4
244.73,354.1
244.74,339.6
244.76,311.2
244.78,283.9
244.79,270.7
244.81,245.6
244.83,222.1
244.84,211.0
244.86,190.2
244.88,171.3
244.89,162.5
244.91,146.4
244.93,132.1
244.94,125.6
244.96,114.0
244.98,103.9
244.99,99.36
245.01,91.4
245.02,87.9
245.04,81.76
245.06,76.66
245.07,74.47
245.09,70.72
245.11,67.74
245.12,66.52
245.14,64.56
245.16,63.23
245.17,62.79
245.19,62.35
245.21,62.49
245.22,62.78
245.24,63.76
245.26,65.28
245.27,66.23
245.29,68.45
245.31,71.05
245.32,72.45
245.34,75.43
245.36,78.5
245.37,80.04
245.39,83.05
245.4,84.49
245.42,87.2
245.44,89.63
245.45,90.74
245.47,92.74
245.49,94.52
245.5,95.36
245.52,97.03
245.54,98.86
245.55,99.9
245.57,102.4
245.59,105.6
245.6,107.5
245.62,112.2
245.64,118.2
245.65,121.7
245.67,129.7
245.69,139.2
245.7,144.5
245.72,156.0
245.73,162.2
245.75,175.2
245.77,189.0
245.78,196.1
245.8,210.3
245.82,224.4
245.83,231.2
245.85,244.5
245.87,257.0
245.88,262.9
245.9,273.9
245.92,284.0
245.93,288.7
245.95,297.8
245.97,306.5
245.98,310.9
246.0,320.0
246.02,329.8
246.03,335.2
246.05,347.0
246.07,360.5
246.08,368.0
246.1,384.6
246.11,393.7
246.13,413.2
246.15,434.5
246.16,445.7
246.18,469.0
246.2,492.8
246.21,504.8
246.23,528.5
246.25,551.3
246.26,562.3
246.28,583.0
246.3,601.6
246.31,610.0
246.33,624.9
246.35,637.1
246.36,642.1
246.38,650.0
246.4,655.0
246.41,656.3
246.43,656.9
246.45,654.4
246.46,652.1
246.48,645.3
246.49,640.7
246.51,629.6
246.53,615.6
246.54,607.6
246.56,589.7
246.58,569.3
246.59,558.3
246.61,534.8
246.63,509.7
246.64,496.6
246.66,469.8
246.68,442.5
246.69,428.8
246.71,401.6
246.73,375.0
246.74,362.2
246.76,337.5
246.78,314.7
246.79,304.0
246.81,284.4
246.83,267.2
246.84,259.7
246.86,246.6
246.87,241.1
246.89,232.2
246.91,226.3
246.92,224.3
246.94,222.6
246.96,223.6
246.97,225.2
246.99,230.3
247.01,238.0
247.02,242.9
247.04,254.6
247.06,268.9
247.07,277.0
247.09,295.0
247.11,315.5
247.12,326.6
247.14,350.3
247.16,375.8
247.17,389.0
247.19,416.2
247.2,429.9
247.22,457.3
247.24,483.7
247.25,496.2
247.27,519.5
247.29,539.4
247.3,547.9
247.32,561.3
247.34,569.4
247.35,571.4
247.37,570.9
247.39,564.6
247.4,559.3
247.42,544.5
247.44,524.8
247.45,513.3
247.47,487.7
247.49,459.1
247.5,444.1
247.52,413.3
247.54,382.1
247.55,366.7
247.57,336.7
247.58,322.4
247.6,295.5
247.62,271.4
247.63,260.7
247.65,241.9
247.67,227.0
247.68,221.2
247.7,213.0
247.72,209.4
247.73,209.4
247.75,213.1
247.77,221.5
247.78,227.6
247.8,243.2
247.82,263.2
247.83,274.9
247.85,301.1
247.87,330.9
247.88,347.0
247.9,381.4
247.92,418.1
247.93,437.3
247.95,477.2
247.96,497.9
247.98,540.8
248.0,586.1
248.01,610.0
248.03,660.6
248.05,716.2
248.06,746.4
248.08,812.5
248.1,887.8
248.11,929.4
248.13,1022.0
248.15,1126.0
248.16,1184.0
248.18,1308.0
248.2,1444.0
248.21,1516.0
248.23,1666.0
248.25,1821.0
248.26,1898.0
248.28,2051.0
248.3,2196.0
248.31,2263.0
248.33,2383.0
248.34,2435.0
248.36,2520.0
248.38,2575.0
248.39,2590.0
248.41,2597.0
248.43,2570.0
248.44,2544.0
248.46,2471.0
248.48,2373.0
248.49,2316.0
248.51,2190.0
248.53,2054.0
248.54,1985.0
248.56,1847.0
248.58,1718.0
248.59,1659.0
248.61,1553.0
248.63,1469.0
248.64,1436.0
248.66,1390.0
248.67,1377.0
248.69,1372.0
248.71,1392.0
248.72,1411.0
248.74,1465.0
248.76,1538.0
248.77,1581.0
248.79,1674.0
248.81,1775.0
248.82,1827.0
248.84,1932.0
248.86,2036.0
248.87,2086.0
248.89,2181.0
248.91,2268.0
248.92,2308.0
248.94,2380.0
248.96,2442.0
248.97,2469.0
248.99,2515.0
249.01,2550.0
249.02,2563.0
249.04,2582.0
249.05,2587.0
249.07,2590.0
249.09,2581.0
249.1,2573.0
249.12,2547.0
249.14,2511.0
249.15,2488.0
249.17,2435.0
249.19,2372.0
249.2,2336.0
249.22,2259.0
249.24,2174.0
249.25,2129.0
249.27,2036.0
249.29,1937.0
249.3,1886.0
249.32,1783.0
249.34,1678.0
249.35,1625.0
249.37,1519.0
249.39,1412.0
249.4,1359.0
249.42,1253.0
249.43,1201.0
249.45,1097.0
249.47,995.7
249.48,946.2
249.5,850.2
249.52,758.7
249.53,715.1
249.55,632.5
249.57,557.1
249.58,522.3
249.6,458.9
249.62,404.3
249.63,380.3
249.65,339.2
249.67,307.1
249.68,294.3
249.7,274.9
249.72,263.3
249.73,260.1
249.75,258.6
249.77,262.6
249.78,266.4
249.8,276.9
249.81,283.3
249.83,298.0
249.85,314.1
249.86,322.5
249.88,339.5
249.9,355.9
249.91,363.8
249.93,378.5
249.95,391.5
249.96,397.3
249.98,407.4
250.0,415.6
250.01,418.9
250.03,424.2
250.05,427.9
250.06,429.3
250.08,431.3
250.1,432.8
250.11,433.6
250.13,435.7
250.14,437.3
250.16,442.6
250.18,452.3
250.19,459.6
250.21,481.2
250.23,516.0
250.24,540.2
250.26,606.7
250.28,705.4
250.29,770.3
250.31,940.3
250.33,1178.0
250.34,1327.0
250.36,1704.0
250.38,2202.0
250.39,2505.0
250.41,3238.0
250.43,4161.0
250.44,4703.0
250.46,5963.0
250.48,7474.0
250.49,8329.0
250.51,10240.0
250.52,11290.0
250.54,13590.0
250.56,16120.0
250.57,17450.0
250.59,20240.0
250.61,23110.0
250.62,24550.0
250.64,27390.0
250.66,30090.0
250.67,31350.0
250.69,33650.0
250.71,35540.0
250.72,36320.0
250.74,37480.0
250.76,38070.0
250.77,38140.0
250.79,37850.0
250.81,36960.0
250.82,36320.0
250.84,34650.0
250.86,32550.0
250.87,31360.0
250.89,28790.0
250.9,27420.0
250.92,24600.0
250.94,21740.0
250.95,20330.0
250.97,17600.0
250.99,15050.0
251.0,13860.0
251.02,11680.0
251.04,9793.0
251.05,8972.0
251.07,7581.0
251.09,6535.0
251.1,6144.0
251.12,5630.0
251.14,5478.0
251.15,5542.0
251.17,5956.0
251.19,6770.0
251.2,7335.0
251.22,8798.0
251.24,10740.0
251.25,11900.0
251.27,14620.0
251.28,16200.0
251.3,19800.0
251.32,24030.0
251.33,26400.0
251.35,31630.0
251.37,37540.0
251.38,40750.0
251.4,47650.0
251.42,55160.0
251.43,59120.0
251.45,67380.0
251.47,76010.0
251.48,80400.0
251.5,89260.0
251.52,98010.0
251.53,102300.0
251.55,110500.0
251.57,118000.0
251.58,121400.0
251.6,127400.0
251.61,130000.0
251.63,134000.0
251.65,136600.0
251.66,137300.0
251.68,137400.0
251.7,135900.0
251.71,134600.0
251.73,130900.0
251.75,125800.0
251.76,122800.0
251.78,116200.0
251.8,108900.0
251.81,105000.0
251.83,97140.0
251.85,89180.0
251.86,85240.0
251.88,77580.0
251.9,70310.0
251.91,66860.0
251.93,60370.0
251.95,54450.0
251.96,51710.0
251.98,46640.0
251.99,44310.0
252.01,40010.0
252.03,36170.0
252.04,34410.0
252.06,31170.0
252.08,28290.0
252.09,26970.0
252.11,24600.0
252.13,22560.0
252.14,21670.0
252.16,20170.0
252.18,19060.0
252.19,18650.0
252.21,18150.0
252.23,18080.0
252.24,18200.0
252.26,18740.0
252.28,19670.0
252.29,20260.0
252.31,21670.0
252.33,23320.0
252.34,24200.0
252.36,26030.0
252.37,26960.0
252.39,28760.0
252.41,30420.0
252.42,31170.0
252.44,32460.0
252.46,33430.0
252.47,33780.0
252.49,34190.0
252.51,34220.0
252.52,34100.0
252.54,33640.0
252.56,32910.0
252.57,32480.0
252.59,31530.0
252.61,30560.0
252.62,30110.0
252.64,29300.0
252.66,28730.0
252.67,28550.0
252.69,28450.0
252.7,28530.0
252.72,28980.0
252.74,29800.0
252.75,30330.0
252.77,31610.0
252.79,33110.0
252.8,33900.0
252.82,35530.0
252.84,37090.0
252.85,37810.0
252.87,39060.0
252.89,39970.0
252.9,40270.0
252.92,40510.0
252.94,40250.0
252.95,39920.0
252.97,38880.0
252.99,37340.0
253.0,36400.0
253.02,34230.0
253.04,31730.0
253.05,30390.0
253.07,27590.0
253.08,26150.0
253.1,23260.0
253.12,20420.0
253.13,19040.0
253.15,16420.0
253.17,14000.0
253.18,12880.0
253.2,10830.0
253.22,9048.0
253.23,8255.0
253.25,6858.0
253.27,5696.0
253.28,5197.0
253.3,4343.0
253.32,3659.0
253.33,3371.0
253.35,2888.0
253.37,2508.0
253.38,2349.0
253.4,2082.0
253.42,1868.0
253.43,1778.0
253.45,1622.0
253.46,1555.0
253.48,1439.0
253.5,1341.0
253.51,1299.0
253.53,1224.0
253.55,1162.0
253.56,1135.0
253.58,1090.0
253.6,1055.0
253.61,1040.0
253.63,1019.0
253.65,1004.0
253.66,999.8
253.68,995.1
253.7,995.3
253.71,996.9
253.73,1002.0
253.75,1010.0
253.76,1014.0
253.78,1023.0
253.8,1031.0
253.81,1035.0
253.83,1041.0
253.84,1044.0
253.86,1047.0
253.88,1047.0
253.89,1046.0
253.91,1042.0
253.93,1035.0
253.94,1030.0
253.96,1019.0
253.98,1004.0
253.99,996.2
254.01,978.4
254.03,958.8
254.04,948.4
254.06,927.0
254.08,905.1
254.09,894.0
254.11,872.0
254.13,850.4
254.14,839.8
254.16,819.3
254.17,809.3
254.19,790.1
254.21,771.9
254.22,763.1
254.24,746.1
254.26,729.9
254.27,722.1
254.29,706.9
254.31,692.3
254.32,685.2
254.34,671.5
254.36,658.3
254.37,652.0
254.39,639.7
254.41,628.0
254.42,622.5
254.44,611.8
254.46,601.9
254.47,597.1
254.49,588.1
254.51,579.5
254.52,575.4
254.54,567.4
254.55,563.4
254.57,555.6
254.59,547.9
254.6,543.9
254.62,536.1
254.64,528.2
254.65,524.2
254.67,516.5
254.69,509.2
254.7,505.8
254.72,499.7
254.74,494.9
254.75,493.0
254.77,490.7
254.79,490.5
254.8,491.2
254.82,494.3
254.84,499.5
254.85,502.9
254.87,510.7
254.89,519.7
254.9,524.3
254.92,533.5
254.93,537.8
254.95,545.4
254.97,550.6
254.98,552.2
255.0,552.5
255.02,548.8
255.03,545.2
255.05,534.5
255.07,519.0
255.08,509.5
255.1,487.2
255.12,460.9
255.13,446.5
255.15,415.5
255.17,382.4
255.18,365.4
255.2,330.8
255.22,296.4
255.23,279.5
255.25,246.9
255.27,216.2
255.28,201.7
255.3,174.9
255.31,162.7
255.33,140.5
255.35,121.5
255.36,113.2
255.38,98.88
255.4,87.58
255.41,82.96
255.43,75.65
255.45,70.63
255.46,68.87
255.48,66.67
255.5,65.94
255.51,66.01
255.53,66.86
255.55,68.4
255.56,69.34
255.58,71.41
255.6,73.57
255.61,74.63
255.63,76.62
255.64,77.52
255.66,79.1
255.68,80.36
255.69,80.88
255.71,81.71
255.73,82.36
255.74,82.65
255.76,83.28
255.78,84.14
255.79,84.73
255.81,86.4
255.83,88.97
255.84,90.71
255.86,95.32
255.88,101.8
255.89,105.9
255.91,116.1
255.93,129.5
255.94,137.6
255.96,157.0
255.98,181.1
255.99,195.1
256.01,227.6
256.02,246.3
256.04,288.5
256.06,337.8
256.07,365.2
256.09,425.3
256.11,492.5
256.12,528.5
256.14,605.0
256.16,686.1
256.17,728.0
256.19,813.1
256.21,898.2
256.22,940.0
256.24,1020.0
256.26,1094.0
256.27,1128.0
256.29,1188.0
256.31,1236.0
256.32,1254.0
256.34,1281.0
256.36,1293.0
256.37,1294.0
256.39,1284.0
256.4,1275.0
256.42,1247.0
256.44,1212.0
256.45,1192.0
256.47,1150.0
256.49,1108.0
256.5,1090.0
256.52,1058.0
256.54,1038.0
256.55,1033.0
256.57,1037.0
256.59,1061.0
256.6,1081.0
256.62,1137.0
256.64,1216.0
256.65,1263.0
256.67,1372.0
256.69,1498.0
256.7,1566.0
256.72,1709.0
256.74,1857.0
256.75,1931.0
256.77,2074.0
256.78,2141.0
256.8,2264.0
256.82,2367.0
256.83,2409.0
256.85,2471.0
256.87,2502.0
256.88,2505.0
256.9,2485.0
256.92,2432.0
256.93,2394.0
256.95,2295.0
256.97,2171.0
256.98,2102.0
257.0,1950.0
257.02,1787.0
257.03,1704.0
257.05,1537.0
257.07,1375.0
257.08,1298.0
257.1,1156.0
257.11,1092.0
257.13,981.5
257.15,898.7
257.16,869.1
257.18,836.1
257.2,841.6
257.21,859.9
257.23,930.3
257.25,1048.0
257.26,1126.0
257.28,1321.0
257.3,1569.0
257.31,1714.0
257.33,2043.0
257.35,2423.0
257.36,2632.0
257.38,3080.0
257.4,3565.0
257.41,3817.0
257.43,4334.0
257.45,4855.0
257.46,5113.0
257.48,5609.0
257.49,5845.0
257.51,6279.0
257.53,6649.0
257.54,6807.0
257.56,7056.0
257.58,7212.0
257.59,7252.0
257.61,7256.0
257.63,7159.0
257.64,7073.0
257.66,6833.0
257.68,6509.0
257.69,6321.0
257.71,5899.0
257.73,5431.0
257.74,5186.0
257.76,4680.0
257.78,4170.0
257.79,3917.0
257.81,3424.0
257.83,2957.0
257.84,2736.0
257.86,2322.0
257.87,2130.0
257.89,1779.0
257.91,1472.0
257.92,1335.0
257.94,1092.0
257.96,887.5
257.97,799.3
257.99,647.9
258.01,526.8
258.02,476.4
258.04,393.5
258.06,331.7
258.07,307.6
258.09,271.5
258.11,249.3
258.12,242.7
258.14,237.5
258.16,241.4
258.17,246.4
258.19,261.8
258.21,283.9
258.22,297.3
258.24,328.5
258.25,346.3
258.27,386.4
258.29,432.7
258.3,458.3
258.32,514.8
258.34,578.6
258.35,613.6
258.37,689.7
258.39,774.3
258.4,819.8
258.42,917.0
258.44,1022.0
258.45,1077.0
258.47,1190.0
258.49,1306.0
258.5,1364.0
258.52,1479.0
258.54,1589.0
258.55,1640.0
258.57,1733.0
258.58,1775.0
258.6,1844.0
258.62,1892.0
258.63,1908.0
258.65,1922.0
258.67,1910.0
258.68,1895.0
258.7,1847.0
258.72,1776.0
258.73,1733.0
258.75,1633.0
258.77,1519.0
258.78,1457.0
258.8,1330.0
258.82,1198.0
258.83,1132.0
258.85,1003.0
258.87,880.5
258.88,822.4
258.9,714.3
258.92,618.6
258.93,575.9
258.95,501.0
258.96,468.9
258.98,415.6
259.0,376.3
259.01,361.7
259.03,341.8
259.05,333.6
259.06,333.4
259.08,340.3
259.1,355.5
259.11,365.8
259.13,391.1
259.15,421.4
259.16,438.0
259.18,473.6
259.2,511.2
259.21,530.4
259.23,568.8
259.25,606.5
259.26,624.8
259.28,659.4
259.3,690.9
259.31,705.1
259.33,730.3
259.34,741.0
259.36,758.7
259.38,771.0
259.39,775.3
259.41,780.2
259.43,781.2
259.44,780.6
259.46,778.6
259.48,777.4
259.49,778.0
259.51,784.1
259.53,799.8
259.54,812.8
259.56,852.0
259.58,913.4
259.59,954.2
259.61,1059.0
259.63,1200.0
259.64,1286.0
259.66,1490.0
259.68,1742.0
259.69,1886.0
259.71,2212.0
259.72,2393.0
259.74,2792.0
259.76,3236.0
259.77,3473.0
259.79,3971.0
259.81,4493.0
259.82,4760.0
259.84,5293.0
259.86,5816.0
259.87,6067.0
259.89,6541.0
259.91,6962.0
259.92,7148.0
259.94,7460.0
259.96,7683.0
259.97,7759.0
259.99,7833.0
260.01,7802.0
260.02,7747.0
260.04,7562.0
260.05,7433.0
260.07,7109.0
260.09,6707.0
260.1,6482.0
260.12,5991.0
260.14,5462.0
260.15,5189.0
260.17,4636.0
260.19,4086.0
260.2,3817.0
260.22,3298.0
260.24,2815.0
260.25,2589.0
260.27,2172.0
260.29,1806.0
260.3,1643.0
260.32,1355.0
260.34,1120.0
260.35,1021.0
260.37,859.1
260.39,742.3
260.4,699.6
260.42,643.2
260.43,628.4
260.45,623.5
260.47,648.2
260.48,670.4
260.5,732.5
260.52,815.1
260.53,863.0
260.55,969.7
260.57,1088.0
260.58,1150.0
260.6,1278.0
260.62,1407.0
260.63,1471.0
260.65,1594.0
260.67,1709.0
260.68,1761.0
260.7,1854.0
260.72,1929.0
260.73,1958.0
260.75,2001.0
260.77,2022.0
260.78,2023.0
260.8,2010.0
260.81,1996.0
260.83,1954.0
260.85,1896.0
260.86,1864.0
260.88,1793.0
260.9,1720.0
260.91,1684.0
260.93,1618.0
260.95,1565.0
260.96,1544.0
260.98,1518.0
261.0,1516.0
261.01,1524.0
261.03,1560.0
261.05,1623.0
261.06,1664.0
261.08,1764.0
261.1,1886.0
261.11,1953.0
261.13,2098.0
261.15,2251.0
261.16,2329.0
261.18,2482.0
261.19,2556.0
261.21,2694.0
261.23,2816.0
261.24,2868.0
261.26,2954.0
261.28,3012.0
261.29,3029.0
261.31,3041.0
261.33,3022.0
261.34,3001.0
261.36,2938.0
261.38,2847.0
261.39,2794.0
261.41,2670.0
261.43,2531.0
261.44,2456.0
261.46,2300.0
261.48,2139.0
261.49,2059.0
261.51,1899.0
261.52,1820.0
261.54,1670.0
261.56,1530.0
261.57,1465.0
261.59,1345.0
261.61,1240.0
261.62,1193.0
261.64,1112.0
261.66,1047.0
261.67,1020.0
261.69,976.3
261.71,944.4
261.72,932.3
261.74,914.2
261.76,902.3
261.77,897.8
261.79,890.3
261.81,882.8
261.82,878.6
261.84,867.9
261.86,853.4
261.87,844.6
261.89,823.4
261.9,811.1
261.92,783.3
261.94,752.1
261.95,735.4
261.97,700.8
261.99,665.5
262.0,648.0
262.02,613.9
262.04,581.9
262.05,566.9
262.07,539.6
262.09,515.9
262.1,505.5
262.12,487.6
262.14,473.4
262.15,467.6
262.17,458.4
262.19,452.1
262.2,450.0
262.22,447.7
262.24,447.9
262.25,449.0
262.27,453.2
262.28,456.5
262.3,465.7
262.32,479.0
262.33,487.3
262.35,507.9
262.37,534.2
262.38,549.7
262.4,585.6
262.42,628.1
262.43,651.9
262.45,704.0
262.47,761.9
262.48,792.6
262.5,857.1
262.52,924.3
262.53,958.5
262.55,1027.0
262.57,1095.0
262.58,1128.0
262.6,1191.0
262.62,1251.0
262.63,1280.0
262.65,1335.0
262.66,1361.0
262.68,1412.0
262.7,1463.0
262.71,1489.0
262.73,1545.0
262.75,1608.0
262.76,1645.0
262.78,1729.0
262.8,1833.0
262.81,1894.0
262.83,2040.0
262.85,2219.0
262.86,2323.0
262.88,2563.0
262.9,2850.0
262.91,3011.0
262.93,3371.0
262.95,3780.0
262.96,4002.0
262.98,4479.0
262.99,4732.0
263.01,5261.0
263.03,5811.0
263.04,6089.0
263.06,6643.0
263.08,7177.0
263.09,7431.0
263.11,7901.0
263.13,8303.0
263.14,8474.0
263.16,8745.0
263.18,8912.0
263.19,8953.0
263.21,8947.0
263.23,8822.0
263.24,8717.0
263.26,8424.0
263.28,8030.0
263.29,7800.0
263.31,7284.0
263.33,6708.0
263.34,6404.0
263.36,5776.0
263.37,5457.0
263.39,4821.0
263.41,4200.0
263.42,3900.0
263.44,3328.0
263.46,2802.0
263.47,2558.0
263.49,2111.0
263.51,1720.0
263.52,1545.0
263.54,1236.0
263.56,977.5
263.57,866.1
263.59,675.2
263.61,522.7
263.62,459.0
263.64,353.5
263.66,272.6
263.67,239.9
263.69,187.4
263.71,148.7
263.72,133.6
263.74,109.9
263.75,100.8
263.77,86.7
263.79,76.86
263.8,73.12
263.82,67.41
263.84,63.4
263.85,61.85
263.87,59.39
263.89,57.54
263.9,56.76
263.92,55.43
263.94,54.29
263.95,53.78
263.97,52.83
263.99,51.97
264.0,51.57
264.02,50.84
264.04,50.17
264.05,49.87
264.07,49.32
264.08,49.07
264.1,48.63
264.12,48.26
264.13,48.1
264.15,47.83
264.17,47.61
264.18,47.51
264.2,47.37
264.22,47.27
264.23,47.24
264.25,47.22
264.27,47.24
264.28,47.27
264.3,47.36
264.32,47.5
264.33,47.59
264.35,47.79
264.37,48.01
264.38,48.13
264.4,48.36
264.42,48.57
264.43,48.66
264.45,48.8
264.46,48.84
264.48,48.84
264.5,48.73
264.51,48.62
264.53,48.29
264.55,47.79
264.56,47.48
264.58,46.73
264.6,45.81
264.61,45.29
264.63,44.14
264.65,42.87
264.66,42.21
264.68,40.84
264.7,39.49
264.71,38.85
264.73,37.71
264.75,36.9
264.76,36.67
264.78,36.74
264.8,37.77
264.81,38.77
264.83,42.04
264.84,44.45
264.86,51.31
264.88,61.6
264.89,68.35
264.91,85.85
264.93,109.9
264.94,124.9
264.96,162.0
264.98,210.4
264.99,239.6
265.01,309.4
265.03,396.8
265.04,447.9
265.06,566.7
265.08,709.6
265.09,790.9
265.11,974.1
265.13,1186.0
265.14,1303.0
265.16,1558.0
265.18,1842.0
265.19,1993.0
265.21,2312.0
265.22,2479.0
265.24,2823.0
265.26,3175.0
265.27,3352.0
265.29,3699.0
265.31,4031.0
265.32,4187.0
265.34,4476.0
265.36,4723.0
265.37,4829.0
265.39,4997.0
265.41,5105.0
265.42,5135.0
265.44,5143.0
265.46,5085.0
265.47,5031.0
265.49,4877.0
265.51,4665.0
265.52,4540.0
265.54,4258.0
265.55,4104.0
265.57,3774.0
265.59,3427.0
265.6,3250.0
265.62,2897.0
265.64,2552.0
265.65,2385.0
265.67,2070.0
265.69,1782.0
265.7,1650.0
265.72,1413.0
265.74,1214.0
265.75,1128.0
265.77,987.3
265.79,884.8
265.8,847.7
265.82,800.3
265.84,786.7
265.85,791.7
265.87,822.9
265.89,879.2
265.9,915.5
265.92,1002.0
265.93,1050.0
265.95,1155.0
265.97,1267.0
265.98,1324.0
266.0,1435.0
266.02,1540.0
266.03,1588.0
266.05,1674.0
266.07,1743.0
266.08,1769.0
266.1,1806.0
266.12,1818.0
266.13,1816.0
266.15,1792.0
266.17,1745.0
266.18,1713.0
266.2,1635.0
266.22,1540.0
266.23,1487.0
266.25,1374.0
266.27,1255.0
266.28,1194.0
266.3,1071.0
266.31,1011.0
266.33,893.9
266.35,784.0
266.36,732.4
266.38,636.9
266.4,552.4
266.41,514.5
266.43,447.3
266.45,391.3
266.46,367.2
266.48,326.4
266.5,294.4
266.51,281.2
266.53,259.9
266.55,244.0
266.56,237.8
266.58,227.8
266.6,220.3
266.61,217.3
266.63,211.9
266.65,207.1
266.66,204.7
266.68,199.6
266.69,196.9
266.71,190.8
266.73,184.0
266.74,180.2
266.76,171.9
266.78,162.9
266.79,158.1
266.81,148.1
266.83,137.7
266.84,132.4
266.86,121.8
266.88,111.3
266.89,106.2
266.91,96.4
266.93,87.28
266.94,83.03
266.96,75.22
266.98,68.44
266.99,65.45
267.01,60.3
267.02,58.14
267.04,54.64
267.06,52.18
267.07,51.31
267.09,50.23
267.11,49.92
267.12,50.0
267.14,50.56
267.16,51.49
267.17,52.04
267.19,53.22
267.21,54.37
267.22,54.89
267.24,55.73
267.26,56.22
267.27,56.31
267.29,56.13
267.31,55.44
267.32,54.9
267.34,53.43
267.36,51.49
267.37,50.35
267.39,47.79
267.4,46.38
267.42,43.38
267.44,40.21
267.45,38.59
267.47,35.34
267.49,32.16
267.5,30.62
267.52,27.69
267.54,25.03
267.55,23.82
267.57,21.68
267.59,19.93
267.6,19.21
267.62,18.12
267.64,17.5
267.65,17.38
267.67,17.49
267.69,18.09
267.7,18.57
267.72,19.89
267.74,21.67
267.75,22.72
267.77,25.13
267.78,26.46
267.8,29.37
267.82,32.54
267.83,34.19
267.85,37.57
267.87,40.98
267.88,42.66
267.9,45.91
267.92,48.92
267.93,50.31
267.95,52.78
267.97,54.79
267.98,55.6
268.0,56.8
268.02,57.41
268.03,57.5
268.05,57.24
268.07,56.45
268.08,55.86
268.1,54.38
268.12,52.55
268.13,51.53
268.15,49.39
268.16,48.29
268.18,46.12
268.2,44.09
268.21,43.17
268.23,41.57
268.25,40.39
268.26,39.98
268.28,39.55
268.3,39.69
268.31,39.97
268.33,40.96
268.35,42.48
268.36,43.41
268.38,45.59
268.4,48.08
268.41,49.4
268.43,52.12
268.45,54.82
268.46,56.11
268.48,58.5
268.49,59.56
268.51,61.35
268.53,62.6
268.54,63.0
268.56,63.33
268.58,63.0
268.59,62.6
268.61,61.34
268.63,59.52
268.64,58.44
268.66,55.99
268.68,53.26
268.69,51.83
268.71,48.93
268.73,46.09
268.74,44.72
268.76,42.18
268.78,39.96
268.79,38.99
268.81,37.38
268.83,36.23
268.84,35.82
268.86,35.36
268.87,35.3
268.89,35.51
268.91,36.12
268.92,36.57
268.94,37.72
268.96,39.19
268.97,40.04
268.99,41.94
269.01,44.11
269.02,45.29
269.04,47.84
269.06,50.65
269.07,52.15
269.09,55.33
269.11,58.75
269.12,60.53
269.14,64.22
269.16,68.03
269.17,69.95
269.19,73.76
269.21,77.44
269.22,79.2
269.24,82.44
269.25,83.9
269.27,86.39
269.29,88.23
269.3,88.87
269.32,89.52
269.34,89.3
269.35,88.86
269.37,87.29
269.39,84.85
269.4,83.32
269.42,79.71
269.44,75.47
269.45,73.16
269.47,68.23
269.49,63.06
269.5,60.43
269.52,55.19
269.54,50.08
269.55,47.63
269.57,42.97
269.59,38.75
269.6,36.82
269.62,33.35
269.63,31.82
269.65,29.18
269.67,27.07
269.68,26.22
269.7,24.87
269.72,23.97
269.73,23.68
269.75,23.34
269.77,23.31
269.78,23.38
269.8,23.69
269.82,24.15
269.83,24.43
269.85,25.05
269.87,25.73
269.88,26.1
269.9,26.84
269.92,27.62
269.93,28.03
269.95,28.86
269.96,29.3
269.98,30.23
270.0,31.24
270.01,31.79
270.03,33.0
270.05,34.36
270.06,35.12
270.08,36.78
270.1,38.69
270.11,39.74
270.13,42.04
270.15,44.63
270.16,46.04
270.18,49.09
270.2,52.43
270.21,54.21
270.23,57.98
270.25,62.0
270.26,64.1
270.28,68.43
270.3,72.9
270.31,75.17
270.33,79.72
270.34,82.0
270.36,86.48
270.38,90.81
270.39,92.9
270.41,96.86
270.43,100.5
270.44,102.1
270.46,105.2
270.48,107.7
270.49,108.8
270.51,110.6
270.53,111.9
270.54,112.4
270.56,113.0
270.58,113.2
270.59,113.1
270.61,112.7
270.63,112.1
270.64,111.6
270.66,110.6
270.68,109.5
270.69,108.9
270.71,107.6
270.72,106.9
270.74,105.6
270.76,104.4
270.77,103.7
270.79,102.6
270.81,101.5
270.82,101.0
270.84,100.2
270.86,99.58
270.87,99.35
270.89,99.05
270.91,99.03
270.92,99.14
270.94,99.62
270.96,100.5
270.97,101.1
270.99,102.7
271.01,104.8
271.02,106.1
271.04,109.2
271.06,113.1
271.07,115.3
271.09,120.5
271.1,123.5
271.12,130.2
271.14,138.1
271.15,142.5
271.17,152.2
271.19,163.3
271.2,169.4
271.22,182.6
271.24,197.3
271.25,205.1
271.27,221.8
271.29,239.6
271.3,248.9
271.32,268.1
271.34,287.8
271.35,297.7
271.37,317.4
271.39,336.5
271.4,345.7
271.42,363.0
271.43,371.0
271.45,385.6
271.47,397.8
271.48,403.0
271.5,411.4
271.52,417.2
271.53,419.3
271.55,421.7
271.57,422.3
271.58,422.2
271.6,421.5
271.62,421.0
271.63,421.1
271.65,422.5
271.67,426.4
271.68,429.5
271.7,438.7
271.72,452.1
271.73,460.6
271.75,481.2
271.77,506.6
271.78,521.0
271.8,553.0
271.81,570.3
271.83,607.2
271.85,646.0
271.86,665.8
271.88,705.2
271.9,743.2
271.91,761.2
271.93,794.6
271.95,823.2
271.96,835.5
271.98,855.2
272.0,867.9
272.01,871.6
272.03,873.2
272.05,867.4
272.06,861.8
272.08,845.4
272.1,822.6
272.11,809.1
272.13,778.3
272.15,743.5
272.16,724.9
272.18,685.9
272.19,665.8
272.21,624.9
272.23,584.0
272.24,563.9
272.26,524.6
272.28,487.3
272.29,469.6
272.31,436.4
272.33,406.5
272.34,392.8
272.36,368.4
272.38,347.9
272.39,339.2
272.41,325.0
272.43,315.0
272.44,311.6
272.46,308.1
272.48,309.0
272.49,311.1
272.51,318.7
272.52,324.2
272.54,338.4
272.56,357.0
272.57,367.8
272.59,392.5
272.61,420.7
272.62,436.1
272.64,468.7
272.66,503.3
272.67,521.0
272.69,556.8
272.71,591.9
272.72,608.8
272.74,640.8
272.76,669.0
272.77,681.5
272.79,702.3
272.81,716.9
272.82,721.8
272.84,726.2
272.86,723.5
272.87,719.4
272.89,706.2
272.9,697.2
272.92,674.8
272.94,647.4
272.95,632.1
272.97,599.1
272.99,563.9
273.0,545.8
273.02,509.5
273.04,473.9
273.05,456.6
273.07,423.7
273.09,393.5
273.1,379.7
273.12,354.6
273.14,333.2
273.15,323.9
273.17,308.2
273.19,296.3
273.2,291.6
273.22,284.9
273.24,281.2
273.25,280.5
273.27,280.8
273.28,281.9
273.3,285.6
273.32,291.0
273.33,294.3
273.35,302.0
273.37,310.9
273.38,315.7
273.4,326.3
273.42,337.9
273.43,344.1
273.45,357.6
273.47,372.6
273.48,380.7
273.5,398.4
273.52,418.5
273.53,429.5
273.55,453.9
273.57,481.8
273.58,497.2
273.6,531.4
273.62,570.3
273.63,591.8
273.65,638.9
273.66,664.7
273.68,721.1
273.7,784.0
273.71,818.0
273.73,891.2
273.75,971.3
273.76,1014.0
273.78,1104.0
273.8,1199.0
273.81,1249.0
273.83,1350.0
273.85,1454.0
273.86,1507.0
273.88,1610.0
273.9,1710.0
273.91,1759.0
273.93,1849.0
273.95,1930.0
273.96,1966.0
273.98,2028.0
273.99,2053.0
274.01,2091.0
274.03,2113.0
274.04,2118.0
274.06,2115.0
274.08,2096.0
274.09,2081.0
274.11,2041.0
274.13,1991.0
274.14,1963.0
274.16,1902.0
274.18,1837.0
274.19,1805.0
274.21,1740.0
274.23,1678.0
274.24,1649.0
274.26,1595.0
274.28,1548.0
274.29,1528.0
274.31,1493.0
274.33,1468.0
274.34,1458.0
274.36,1446.0
274.37,1444.0
274.39,1446.0
274.41,1458.0
274.42,1468.0
274.44,1495.0
274.46,1534.0
274.47,1558.0
274.49,1615.0
274.51,1685.0
274.52,1725.0
274.54,1815.0
274.56,1920.0
274.57,1977.0
274.59,2103.0
274.61,2242.0
274.62,2316.0
274.64,2475.0
274.66,2646.0
274.67,2737.0
274.69,2927.0
274.71,3129.0
274.72,3235.0
274.74,3457.0
274.75,3573.0
274.77,3817.0
274.79,4076.0
274.8,4211.0
274.82,4494.0
274.84,4793.0
274.85,4948.0
274.87,5267.0
274.89,5597.0
274.9,5764.0
274.92,6099.0
274.94,6429.0
274.95,6589.0
274.97,6894.0
274.99,7171.0
275.0,7296.0
275.02,7512.0
275.04,7674.0
275.05,7732.0
275.07,7800.0
275.09,7798.0
275.1,7769.0
275.12,7657.0
275.13,7574.0
275.15,7357.0
275.17,7075.0
275.18,6912.0
275.2,6551.0
275.22,6150.0
275.23,5939.0
275.25,5504.0
275.27,5062.0
275.28,4842.0
275.3,4415.0
275.32,4011.0
275.33,3821.0
275.35,3471.0
275.37,3165.0
275.38,3030.0
275.4,2797.0
275.42,2615.0
275.43,2542.0
275.45,2430.0
275.46,2391.0
275.48,2342.0
275.5,2325.0
275.51,2327.0
275.53,2346.0
275.55,2379.0
275.56,2398.0
275.58,2436.0
275.6,2469.0
275.61,2481.0
275.63,2494.0
275.65,2488.0
275.66,2477.0
275.68,2437.0
275.7,2373.0
275.71,2332.0
275.73,2233.0
275.75,2114.0
275.76,2048.0
275.78,1905.0
275.8,1751.0
275.81,1671.0
275.83,1508.0
275.84,1426.0
275.86,1265.0
275.88,1108.0
275.89,1033.0
275.91,891.2
275.93,761.0
275.94,700.8
275.96,590.9
275.98,495.2
275.99,452.7
276.01,377.8
276.03,316.0
276.04,289.6
276.06,245.2
276.08,210.5
276.09,196.5
276.11,174.0
276.13,157.7
276.14,151.6
276.16,142.3
276.18,136.3
276.19,134.1
276.21,131.0
276.22,129.9
276.24,128.1
276.26,126.5
276.27,125.6
276.29,123.7
276.31,121.3
276.32,119.9
276.34,116.7
276.36,113.2
276.37,111.3
276.39,107.6
276.41,104.1
276.42,102.4
276.44,99.74
276.46,97.95
276.47,97.49
276.49,97.62
276.51,99.31
276.52,100.8
276.54,105.2
276.56,111.4
276.57,115.3
276.59,124.3
276.6,129.5
276.62,141.1
276.64,154.1
276.65,161.1
276.67,175.6
276.69,190.6
276.7,198.1
276.72,212.9
276.74,227.1
276.75,233.8
276.77,246.0
276.79,256.4
276.8,260.9
276.82,267.9
276.84,272.5
276.85,273.7
276.87,274.2
276.89,272.0
276.9,270.0
276.92,264.0
276.93,260.1
276.95,250.9
276.97,239.8
276.98,233.7
277.0,220.7
277.02,206.8
277.03,199.6
277.05,185.2
277.07,170.7
277.08,163.6
277.1,149.8
277.12,136.8
277.13,130.6
277.15,119.0
277.17,108.5
277.18,103.8
277.2,95.27
277.22,88.23
277.23,85.28
277.25,80.6
277.27,77.67
277.28,76.9
277.3,76.88
277.31,77.68
277.33,81.07
277.35,87.08
277.36,91.16
277.38,101.7
277.4,115.7
277.41,124.2
277.43,144.1
277.45,168.6
277.46,182.6
277.48,214.4
277.5,251.5
277.51,272.1
277.53,317.6
277.55,369.0
277.56,396.9
277.58,457.3
277.6,523.6
277.61,559.0
277.63,634.3
277.65,715.4
277.66,758.2
277.68,848.0
277.69,895.1
277.71,993.3
277.73,1097.0
277.74,1151.0
277.76,1262.0
277.78,1378.0
277.79,1438.0
277.81,1560.0
277.83,1684.0
277.84,1747.0
277.86,1874.0
277.88,1999.0
277.89,2061.0
277.91,2181.0
277.93,2295.0
277.94,2349.0
277.96,2449.0
277.98,2536.0
277.99,2574.0
278.01,2638.0
278.03,2684.0
278.04,2700.0
278.06,2717.0
278.07,2717.0
278.09,2704.0
278.11,2671.0
278.12,2648.0
278.14,2588.0
278.16,2512.0
278.17,2469.0
278.19,2373.0
278.21,2267.0
278.22,2211.0
278.24,2095.0
278.26,1975.0
278.27,1915.0
278.29,1793.0
278.31,1672.0
278.32,1612.0
278.34,1495.0
278.36,1382.0
278.37,1326.0
278.39,1219.0
278.4,1167.0
278.42,1068.0
278.44,973.0
278.45,927.7
278.47,841.0
278.49,759.9
278.5,721.5
278.52,649.1
278.54,582.9
278.55,552.2
278.57,495.8
278.59,446.3
278.6,424.2
278.62,385.5
278.64,354.3
278.65,341.5
278.67,321.7
278.69,309.6
278.7,306.4
278.72,305.9
278.74,313.0
278.75,319.4
278.77,337.9
278.78,350.0
278.8,379.8
278.82,417.2
278.83,438.7
278.85,487.5
278.87,544.1
278.88,575.5
278.9,644.5
278.92,722.8
278.93,765.8
278.95,860.5
278.97,969.3
278.98,1030.0
279.0,1168.0
279.02,1332.0
279.03,1428.0
279.05,1654.0
279.07,1938.0
279.08,2109.0
279.1,2523.0
279.12,3060.0
279.13,3386.0
279.15,4179.0
279.16,4658.0
279.18,5818.0
279.2,7294.0
279.21,8172.0
279.23,10250.0
279.25,12820.0
279.26,14310.0
279.28,17740.0
279.3,21830.0
279.31,24130.0
279.33,29290.0
279.35,35190.0
279.36,38420.0
279.38,45400.0
279.4,53040.0
279.41,57070.0
279.43,65500.0
279.45,74260.0
279.46,78710.0
279.48,87620.0
279.5,96330.0
279.51,100500.0
279.53,108500.0
279.54,112200.0
279.56,118800.0
279.58,124200.0
279.59,126500.0
279.61,129800.0
279.63,131600.0
279.64,131900.0
279.66,131200.0
279.68,128900.0
279.69,127200.0
279.71,122700.0
279.73,116900.0
279.74,113600.0
279.76,106300.0
279.78,98330.0
279.79,94160.0
279.81,85630.0
279.83,77050.0
279.84,72820.0
279.86,64620.0
279.87,60690.0
279.89,53310.0
279.91,46660.0
279.92,43650.0
279.94,38310.0
279.96,33940.0
279.97,32120.0
279.99,29240.0
280.01,27360.0
280.02,26790.0
280.04,26350.0
280.06,26800.0
280.07,27350.0
280.09,29010.0
280.11,31360.0
280.12,32760.0
280.14,35940.0
280.16,39500.0
280.17,41390.0
280.19,45270.0
280.21,49180.0
280.22,51090.0
280.24,54750.0
280.25,56460.0
280.27,59550.0
280.29,62080.0
280.3,63110.0
280.32,64630.0
280.34,65390.0
280.35,65470.0
280.37,65030.0
280.39,63780.0
280.4,62870.0
280.42,60530.0
280.44,57540.0
280.45,55840.0
280.47,52090.0
280.49,47990.0
280.5,45840.0
280.52,41440.0
280.54,37000.0
280.55,34790.0
280.57,30480.0
280.59,26370.0
280.6,24410.0
280.62,20720.0
280.63,19010.0
280.65,15840.0
280.67,13030.0
280.68,11770.0
280.7,9510.0
280.72,7590.0
280.73,6751.0
280.75,5293.0
280.77,4102.0
280.78,3597.0
280.8,2743.0
280.82,2071.0
280.83,1794.0
280.85,1339.0
280.87,994.2
280.88,856.1
280.9,635.9
280.92,476.1
280.93,414.2
280.95,318.9
280.97,253.5
280.98,229.5
281.0,194.7
281.01,182.7
281.03,166.8
281.05,159.2
281.06,157.7
281.08,158.2
281.1,162.4
281.11,165.5
281.13,173.3
281.15,183.0
281.16,188.4
281.18,200.2
281.2,213.2
281.21,220.0
281.23,234.4
281.25,249.5
281.26,257.2
281.28,273.0
281.3,288.9
281.31,296.8
281.33,312.3
281.34,319.8
281.36,334.2
281.38,347.3
281.39,353.4
281.41,364.0
281.43,372.7
281.44,376.2
281.46,381.5
281.48,384.3
281.49,384.7
281.51,383.8
281.53,380.3
281.54,377.6
281.56,370.7
281.58,361.6
281.59,356.4
281.61,344.6
281.63,331.2
281.64,324.1
281.66,309.0
281.68,293.0
281.69,284.7
281.71,267.8
281.72,259.1
281.74,241.8
281.76,224.3
281.77,215.6
281.79,198.4
281.81,181.6
281.82,173.3
281.84,157.3
281.86,141.9
281.87,134.5
281.89,120.3
281.91,107.1
281.92,100.9
281.94,89.17
281.96,78.56
281.97,73.67
281.99,64.72
282.01,56.88
282.02,53.36
282.04,47.13
282.06,41.93
282.07,39.7
282.09,35.93
282.1,34.38
282.12,31.91
282.14,30.2
282.15,29.61
282.17,28.91
282.19,28.79
282.2,28.92
282.22,29.53
282.24,30.52
282.25,31.14
282.27,32.59
282.29,34.26
282.3,35.16
282.32,37.05
282.34,39.02
282.35,40.02
282.37,42.03
282.39,44.02
282.4,44.99
282.42,46.9
282.44,48.72
282.45,49.6
282.47,51.29
282.48,52.1
282.5,53.65
282.52,55.12
282.53,55.82
282.55,57.16
282.57,58.43
282.58,59.05
282.6,60.24
282.62,61.39
282.63,61.94
282.65,63.03
282.67,64.08
282.68,64.59
282.7,65.59
282.72,66.54
282.73,67.0
282.75,67.89
282.77,68.72
282.78,69.11
282.8,69.86
282.81,70.22
282.83,70.91
282.85,71.57
282.86,71.9
282.88,72.58
282.9,73.33
282.91,73.74
282.93,74.68
282.95,75.82
282.96,76.49
282.98,78.04
283.0,79.94
283.01,81.03
283.03,83.52
283.05,86.42
283.06,88.03
283.08,91.52
283.1,95.35
283.11,97.36
283.13,101.5
283.15,105.8
283.16,107.9
283.18,112.0
283.19,114.0
283.21,117.6
283.23,120.7
283.24,122.1
283.26,124.2
283.28,125.6
283.29,126.0
283.31,126.2
283.33,125.5
283.34,124.9
283.36,123.0
283.38,120.6
283.39,119.1
283.41,115.8
283.43,112.2
283.44,110.3
283.46,106.3
283.48,102.4
283.49,100.4
283.51,96.6
283.53,92.97
283.54,91.25
283.56,87.99
283.57,86.47
283.59,83.65
283.61,81.1
283.62,79.93
283.64,77.78
283.66,75.86
283.67,74.99
283.69,73.4
283.71,72.03
283.72,71.42
283.74,70.36
283.76,69.53
283.77,69.21
283.79,68.77
283.81,68.63
283.82,68.68
283.84,69.03
283.86,69.75
283.87,70.24
283.89,71.52
283.9,72.29
283.92,74.12
283.94,76.3
283.95,77.5
283.97,80.13
283.99,82.99
284.0,84.49
284.02,87.6
284.04,90.79
284.05,92.4
284.07,95.6
284.09,98.74
284.1,100.3
284.12,103.2
284.14,106.0
284.15,107.3
284.17,109.8
284.19,112.0
284.2,113.1
284.22,115.1
284.24,116.8
284.25,117.6
284.27,119.2
284.28,119.9
284.3,121.2
284.32,122.3
284.33,122.9
284.35,123.9
284.37,124.8
284.38,125.3
284.4,126.1
284.42,127.0
284.43,127.4
284.45,128.3
284.47,129.3
284.48,129.8
284.5,131.3
284.52,133.2
284.53,134.4
284.55,137.6
284.57,142.1
284.58,145.0
284.6,152.7
284.62,163.5
284.63,170.5
284.65,188.6
284.66,200.2
284.68,229.9
284.7,270.7
284.71,296.4
284.73,361.2
284.75,448.3
284.76,502.2
284.78,635.5
284.8,809.9
284.81,915.7
284.83,1171.0
284.85,1496.0
284.86,1689.0
284.88,2142.0
284.9,2700.0
284.91,3022.0
284.93,3762.0
284.95,4640.0
284.96,5133.0
284.98,6235.0
285.0,7492.0
285.01,8179.0
285.03,9666.0
285.04,10460.0
285.06,12150.0
285.08,13950.0
285.09,14880.0
285.11,16790.0
285.13,18710.0
285.14,19670.0
285.16,21530.0
285.18,23290.0
285.19,24110.0
285.21,25610.0
285.23,26880.0
285.24,27410.0
285.26,28250.0
285.28,28760.0
285.29,28890.0
285.31,28880.0
285.33,28530.0
285.34,28220.0
285.36,27370.0
285.37,26830.0
285.39,25550.0
285.41,24040.0
285.42,23210.0
285.44,21440.0
285.46,19570.0
285.47,18610.0
285.49,16680.0
285.51,14770.0
285.52,13840.0
285.54,12030.0
285.56,10340.0
285.57,9541.0
285.59,8053.0
285.61,6717.0
285.62,6107.0
285.64,5006.0
285.66,4056.0
285.67,3636.0
285.69,2897.0
285.71,2284.0
285.72,2021.0
285.74,1570.0
285.75,1379.0
285.77,1057.0
285.79,805.4
285.8,701.4
285.82,530.4
285.84,400.6
285.85,348.3
285.87,264.1
285.89,201.8
285.9,177.2
285.92,138.2
285.94,109.8
285.95,98.63
285.97,81.01
285.99,68.14
286.0,63.04
286.02,54.86
286.04,48.73
286.05,46.24
286.07,42.15
286.09,39.0
286.1,37.7
286.12,35.56
286.13,34.68
286.15,33.26
286.17,32.21
286.18,31.81
286.2,31.19
286.22,30.79
286.23,30.65
286.25,30.47
286.27,30.36
286.28,30.32
286.3,30.23
286.32,30.1
286.33,30.01
286.35,29.76
286.37,29.4
286.38,29.17
286.4,28.62
286.42,27.96
286.43,27.58
286.45,26.77
286.47,25.88
286.48,25.41
286.5,24.47
286.51,24.0
286.53,23.09
286.55,22.23
286.56,21.84
286.58,21.14
286.6,20.58
286.61,20.36
286.63,20.05
286.65,19.92
286.66,19.93
286.68,20.09
286.7,20.45
286.71,20.69
286.73,21.32
286.75,22.1
286.76,22.54
286.78,23.53
286.8,24.61
286.81,25.19
286.83,26.38
286.84,26.99
286.86,28.22
286.88,29.45
286.89,30.06
286.91,31.25
286.93,32.4
286.94,32.95
286.96,34.02
286.98,35.04
286.99,35.53
287.01,36.48
287.03,37.41
287.04,37.88
287.06,38.81
287.08,39.78
287.09,40.28
287.11,41.33
287.13,42.45
287.14,43.04
287.16,44.29
287.18,45.64
287.19,46.34
287.21,47.8
287.22,48.56
287.24,50.1
287.26,51.66
287.27,52.45
287.29,53.99
287.31,55.5
287.32,56.24
287.34,57.67
287.36,59.06
287.37,59.75
287.39,61.18
287.41,62.78
287.42,63.71
287.44,65.98
287.46,69.14
287.47,71.22
287.49,76.87
287.51,85.34
287.52,91.05
287.54,106.5
287.56,129.4
287.57,144.6
287.59,184.7
287.6,210.9
287.62,279.2
287.64,375.0
287.65,436.1
287.67,591.3
287.69,801.9
287.7,932.8
287.72,1257.0
287.74,1683.0
287.75,1942.0
287.77,2566.0
287.79,3358.0
287.8,3826.0
287.82,4928.0
287.84,6279.0
287.85,7057.0
287.87,8840.0
287.89,10950.0
287.9,12130.0
287.92,14760.0
287.94,17750.0
287.95,19380.0
287.97,22890.0
287.98,24770.0
288.0,28760.0
288.02,32980.0
288.03,35170.0
288.05,39620.0
288.07,44120.0
288.08,46340.0
288.1,50680.0
288.12,54770.0
288.13,56690.0
288.15,60170.0
288.17,63120.0
288.18,64350.0
288.2,66300.0
288.22,67500.0
288.23,67810.0
288.25,67810.0
288.27,67000.0
288.28,66310.0
288.3,64360.0
288.31,63130.0
288.33,60180.0
288.35,56700.0
288.36,54790.0
288.38,50700.0
288.4,46360.0
288.41,44140.0
288.43,39640.0
288.45,35190.0
288.46,33000.0
288.48,28780.0
288.5,24790.0
288.51,22910.0
288.53,19390.0
288.55,16220.0
288.56,14780.0
288.58,12150.0
288.6,9873.0
288.61,8864.0
288.63,7088.0
288.65,5612.0
288.66,4977.0
288.68,3894.0
288.69,3438.0
288.71,2676.0
288.73,2093.0
288.74,1860.0
288.76,1496.0
288.78,1249.0
288.79,1164.0
288.81,1061.0
288.83,1037.0
288.84,1051.0
288.86,1127.0
288.88,1260.0
288.89,1346.0
288.91,1553.0
288.93,1805.0
288.94,1946.0
288.96,2254.0
288.98,2594.0
288.99,2774.0
289.01,3148.0
289.03,3535.0
289.04,3731.0
289.06,4120.0
289.07,4311.0
289.09,4680.0
289.11,5022.0
289.12,5180.0
289.14,5461.0
289.16,5691.0
289.17,5784.0
289.19,5922.0
289.21,5992.0
289.22,6000.0
289.24,5965.0
289.26,5860.0
289.27,5783.0
289.29,5582.0
289.31,5325.0
289.32,5178.0
289.34,4853.0
289.36,4496.0
289.37,4309.0
289.39,3922.0
289.41,3529.0
289.42,3333.0
289.44,2947.0
289.45,2760.0
289.47,2399.0
289.49,2062.0
289.5,1903.0
289.52,1609.0
289.54,1345.0
289.55,1225.0
289.57,1008.0
289.59,820.8
289.6,738.1
289.62,592.7
289.64,471.8
289.65,419.7
289.67,330.4
289.69,258.6
289.7,228.4
289.72,177.9
289.74,138.6
289.75,122.4
289.77,95.99
289.78,85.3
289.8,68.02
289.82,55.2
289.83,50.12
289.85,42.11
289.87,36.35
289.88,34.13
289.9,30.71
289.92,28.35
289.93,27.48
289.95,26.18
289.97,25.35
289.98,25.06
290.0,24.68
290.02,24.47
290.03,24.42
290.05,24.38
290.07,24.4
290.08,24.42
290.1,24.49
290.12,24.58
290.13,24.63
290.15,24.75
290.16,24.82
290.18,24.99
290.2,25.22
290.21,25.37
290.23,25.75
290.25,26.27
290.26,26.61
290.28,27.45
290.3,28.59
290.31,29.29
290.33,30.99
290.35,33.17
290.36,34.46
290.38,37.47
290.4,41.14
290.41,43.23
290.43,47.95
290.45,53.41
290.46,56.42
290.48,62.98
290.5,70.21
290.51,74.06
290.53,82.13
290.54,86.32
290.56,94.91
290.58,103.6
290.59,107.9
290.61,116.4
290.63,124.4
290.64,128.2
290.66,135.1
290.68,140.9
290.69,143.4
290.71,147.3
290.73,149.8
290.74,150.4
290.76,150.6
290.78,149.2
290.79,147.9
290.81,144.2
290.83,139.3
290.84,136.3
290.86,129.7
290.88,122.3
290.89,118.3
290.91,110.1
290.92,105.9
290.94,97.4
290.96,89.05
290.97,84.99
290.99,77.18
291.01,69.94
291.02,66.57
291.04,60.36
291.06,54.93
291.07,52.52
291.09,48.29
291.11,44.85
291.12,43.42
291.14,41.08
291.16,39.41
291.17,38.81
291.19,38.01
291.21,37.72
291.22,37.74
291.24,38.09
291.25,38.4
291.27,39.26
291.29,40.42
291.3,41.1
291.32,42.65
291.34,44.43
291.35,45.4
291.37,47.48
291.39,49.75
291.4,50.95
291.42,53.44
291.44,56.04
291.45,57.36
291.47,60.04
291.49,62.7
291.5,64.01
291.52,66.55
291.54,68.91
291.55,70.02
291.57,72.02
291.59,73.7
291.6,74.41
291.62,75.54
291.63,75.95
291.65,76.46
291.67,76.54
291.68,76.42
291.7,75.86
291.72,74.92
291.73,74.3
291.75,72.83
291.77,71.04
291.78,70.05
291.8,67.9
291.82,65.56
291.83,64.34
291.85,61.81
291.87,59.2
291.88,57.88
291.9,55.24
291.92,52.62
291.93,51.33
291.95,48.81
291.97,46.42
291.98,45.27
292.0,43.11
292.01,42.11
292.03,40.27
292.05,38.69
292.06,38.0
292.08,36.86
292.1,36.05
292.11,35.77
292.13,35.49
292.15,35.57
292.16,35.75
292.18,36.39
292.2,37.39
292.21,38.02
292.23,39.53
292.25,41.36
292.26,42.39
292.28,44.64
292.3,47.15
292.31,48.5
292.33,51.35
292.34,52.86
292.36,56.04
292.38,59.45
292.39,61.24
292.41,65.04
292.43,69.14
292.44,71.32
292.46,75.99
292.48,81.13
292.49,83.9
292.51,89.9
292.53,96.57
292.54,100.2
292.56,108.0
292.58,116.7
292.59,121.4
292.61,131.4
292.63,142.3
292.64,148.1
292.66,160.3
292.68,173.2
292.69,179.9
292.71,193.6
292.72,200.6
292.74,214.7
292.76,228.7
292.77,235.6
292.79,248.9
292.81,261.4
292.82,267.2
292.84,277.7
292.86,286.6
292.87,290.3
292.89,296.3
292.91,299.9
292.92,300.9
292.94,300.9
292.96,298.5
292.97,296.5
292.99,290.6
293.01,282.6
293.02,277.9
293.04,267.3
293.06,255.4
293.07,249.1
293.09,235.9
293.1,229.2
293.12,215.8
293.14,202.6
293.15,196.3
293.17,184.4
293.19,173.6
293.2,168.8
293.22,160.4
293.24,153.8
293.25,151.3
293.27,147.9
293.29,146.6
293.3,146.9
293.32,149.3
293.34,154.2
293.35,157.6
293.37,166.4
293.39,178.0
293.4,184.8
293.42,200.4
293.44,218.9
293.45,229.1
293.47,251.5
293.48,263.7
293.5,289.8
293.52,317.8
293.53,332.5
293.55,362.9
293.57,394.0
293.58,409.6
293.6,440.7
293.62,470.8
293.63,485.3
293.65,512.4
293.67,536.7
293.68,547.5
293.7,566.2
293.72,580.4
293.73,585.7
293.75,592.5
293.77,594.2
293.78,593.1
293.8,587.1
293.81,582.3
293.83,569.3
293.85,552.2
293.86,542.3
293.88,520.2
293.9,495.4
293.91,482.3
293.93,455.0
293.95,426.9
293.96,412.7
293.98,384.3
294.0,356.5
294.01,342.9
294.03,316.7
294.05,291.9
294.06,280.0
294.08,257.7
294.1,237.1
294.11,227.5
294.13,209.7
294.15,193.6
294.16,186.3
294.18,172.8
294.19,166.7
294.21,155.6
294.23,145.9
294.24,141.6
294.26,133.9
294.28,127.4
294.29,124.5
294.31,119.6
294.33,115.6
294.34,114.0
294.36,111.4
294.38,109.6
294.39,109.0
294.41,108.4
294.43,108.6
294.44,109.0
294.46,110.4
294.48,112.7
294.49,114.3
294.51,118.0
294.53,122.8
294.54,125.5
294.56,132.0
294.57,135.6
294.59,143.9
294.61,153.3
294.62,158.5
294.64,169.8
294.66,182.3
294.67,188.9
294.69,202.8
294.71,217.5
294.72,225.1
294.74,240.4
294.76,255.8
294.77,263.4
294.79,278.2
294.81,292.1
294.82,298.6
294.84,310.4
294.86,320.3
294.87,324.5
294.89,331.1
294.91,335.2
294.92,336.3
294.94,336.3
294.95,335.4
294.97,331.4
294.99,324.9
295.0,320.8
295.02,311.0
295.04,299.3
295.05,292.9
295.07,279.4
295.09,265.0
295.1,257.8
295.12,243.2
295.14,229.1
295.15,222.4
295.17,209.7
295.19,198.3
295.2,193.2
295.22,184.4
295.24,177.2
295.25,174.4
295.27,170.0
295.28,168.4
295.3,166.5
295.32,166.1
295.33,166.3
295.35,167.5
295.37,169.3
295.38,170.4
295.4,172.8
295.42,175.1
295.43,176.2
295.45,177.9
295.47,179.0
295.48,179.3
295.5,179.1
295.52,178.1
295.53,177.2
295.55,174.8
295.57,171.6
295.58,169.7
295.6,165.4
295.62,160.5
295.63,157.9
295.65,152.5
295.66,149.8
295.68,144.2
295.7,138.5
295.71,135.8
295.73,130.3
295.75,125.1
295.76,122.6
295.78,117.8
295.8,113.2
295.81,111.0
295.83,106.9
295.85,102.9
295.86,101.0
295.88,97.37
295.9,93.84
295.91,92.12
295.93,88.73
295.95,85.39
295.96,83.73
295.98,80.42
296.0,77.1
296.01,75.44
296.03,72.11
296.04,70.44
296.06,67.13
296.08,63.85
296.09,62.24
296.11,59.11
296.13,56.15
296.14,54.75
296.16,52.17
296.18,49.95
296.19,49.0
296.21,47.51
296.23,46.64
296.24,46.47
296.26,46.74
296.28,47.92
296.29,48.89
296.31,51.66
296.33,55.62
296.34,58.09
296.36,64.05
296.38,71.46
296.39,75.73
296.41,85.46
296.42,90.93
296.44,103.1
296.46,117.0
296.47,124.7
296.49,141.2
296.51,159.6
296.52,169.5
296.54,190.9
296.56,214.3
296.57,226.8
296.59,253.7
296.61,283.3
296.62,299.2
296.64,333.5
296.66,371.7
296.67,392.4
296.69,437.7
296.71,488.7
296.72,516.6
296.74,577.9
296.75,611.6
296.77,685.3
296.79,768.5
296.8,813.9
296.82,912.4
296.84,1021.0
296.85,1080.0
296.87,1205.0
296.89,1339.0
296.9,1409.0
296.92,1554.0
296.94,1705.0
296.95,1781.0
296.97,1933.0
296.99,2083.0
297.0,2155.0
297.02,2293.0
297.04,2418.0
297.05,2475.0
297.07,2574.0
297.09,2653.0
297.1,2683.0
297.12,2725.0
297.13,2736.0
297.15,2737.0
297.17,2712.0
297.18,2690.0
297.2,2626.0
297.22,2538.0
297.23,2487.0
297.25,2369.0
297.27,2236.0
297.28,2165.0
297.3,2015.0
297.32,1858.0
297.33,1779.0
297.35,1619.0
297.37,1462.0
297.38,1385.0
297.4,1236.0
297.42,1095.0
297.43,1028.0
297.45,901.1
297.47,785.1
297.48,731.2
297.5,631.7
297.51,586.0
297.53,502.4
297.55,428.9
297.56,395.6
297.58,335.7
297.6,284.0
297.61,260.9
297.63,219.8
297.65,184.8
297.66,169.4
297.68,142.2
297.7,119.4
297.71,109.5
297.73,92.23
297.75,78.09
297.76,72.05
297.78,61.83
297.8,53.81
297.81,50.53
297.83,45.31
297.85,41.69
297.86,40.42
297.88,38.89
297.89,38.6
297.91,38.89
297.93,40.29
297.94,41.39
297.96,44.38
297.98,48.41
297.99,50.81
298.01,56.41
298.03,63.11
298.04,66.89
298.06,75.33
298.08,85.0
298.09,90.33
298.11,102.0
298.13,115.1
298.14,122.1
298.16,137.4
298.18,154.2
298.19,163.2
298.21,182.4
298.22,192.5
298.24,213.9
298.26,236.8
298.27,248.8
298.29,273.7
298.31,299.9
298.32,313.5
298.34,341.4
298.36,370.3
298.37,385.1
298.39,415.4
298.41,446.6
298.42,462.5
298.44,495.1
298.46,528.6
298.47,545.7
298.49,580.7
298.51,616.8
298.52,635.3
298.54,673.2
298.56,712.3
298.57,732.3
298.59,772.9
298.6,793.4
298.62,834.9
298.64,876.3
298.65,896.7
298.67,936.8
298.69,974.9
298.7,992.9
298.72,1026.0
298.74,1055.0
298.75,1067.0
298.77,1087.0
298.79,1100.0
298.8,1103.0
298.82,1104.0
298.84,1096.0
298.85,1088.0
298.87,1067.0
298.89,1037.0
298.9,1019.0
298.92,976.8
298.94,927.9
298.95,901.2
298.97,844.3
298.98,814.3
299.0,752.3
299.02,688.8
299.03,656.9
299.05,593.7
299.07,532.4
299.08,502.8
299.1,446.4
299.12,394.4
299.13,370.2
299.15,326.0
299.17,287.5
299.18,270.5
299.2,240.8
299.22,217.0
299.23,207.2
299.25,191.7
299.27,181.2
299.28,177.7
299.3,173.9
299.32,173.8
299.33,174.9
299.35,179.3
299.36,182.3
299.38,189.6
299.4,198.1
299.41,202.6
299.43,211.9
299.45,220.9
299.46,225.2
299.48,233.1
299.5,239.8
299.51,242.6
299.53,247.0
299.55,249.7
299.56,250.4
299.58,250.5
299.6,249.0
299.61,247.8
299.63,244.3
299.65,239.8
299.66,237.3
299.68,231.9
299.69,229.2
299.71,223.8
299.73,218.8
299.74,216.6
299.76,212.9
299.78,210.5
299.79,209.8
299.81,209.7
299.83,211.3
299.84,212.8
299.86,217.1
299.88,223.2
299.89,226.9
299.91,235.6
299.93,245.6
299.94,251.0
299.96,262.6
299.98,274.9
299.99,281.2
300.01,293.7
300.03,306.0
300.04,311.8
300.06,322.8
300.07,327.9
300.09,336.9
300.11,344.1
300.12,346.9
300.14,351.0
300.16,352.7
300.17,352.7
300.19,350.9
300.21,346.6
300.22,343.7
300.24,336.1
300.26,326.6
300.27,321.2
300.29,309.3
300.31,296.2
300.32,289.3
300.34,275.1
300.36,260.7
300.37,253.6
300.39,239.7
300.41,226.5
300.42,220.3
300.44,209.0
300.45,203.8
300.47,194.9
300.49,187.9
300.5,185.1
300.52,181.2
300.54,179.4
300.55,179.3
300.57,180.7
300.59,183.9
300.6,186.3
300.62,192.1
300.64,199.4
300.65,203.5
300.67,212.3
300.69,221.7
300.7,226.5
300.72,236.2
300.74,245.5
300.75,250.0
300.77,258.2
300.79,265.4
300.8,268.5
300.82,273.5
300.83,275.4
300.85,277.9
300.87,278.5
300.88,278.1
300.9,275.9
300.92,271.8
300.93,269.1
300.95,262.3
300.97,254.0
300.98,249.2
301.0,238.8
301.02,227.2
301.03,221.0
301.05,208.1
301.07,194.7
301.08,187.8
301.1,173.9
301.12,160.0
301.13,153.1
301.15,139.5
301.16,132.8
301.18,119.9
301.2,107.7
301.21,101.8
301.23,90.67
301.25,80.4
301.26,75.61
301.28,66.72
301.3,58.78
301.31,55.18
301.33,48.69
301.35,43.16
301.36,40.75
301.38,36.65
301.4,33.46
301.41,32.22
301.43,30.4
301.45,29.48
301.46,29.35
301.48,29.77
301.5,31.09
301.51,32.11
301.53,34.85
301.54,36.59
301.56,40.87
301.58,46.29
301.59,49.45
301.61,56.78
301.63,65.6
301.64,70.62
301.66,82.04
301.68,95.5
301.69,103.1
301.71,120.1
301.73,140.0
301.74,151.0
301.76,175.6
301.78,203.8
301.79,219.3
301.81,253.3
301.83,291.3
301.84,311.9
301.86,356.0
301.88,404.1
301.89,429.5
301.91,482.7
301.92,510.3
301.94,567.3
301.96,625.6
301.97,655.0
301.99,713.4
302.01,770.1
302.02,797.5
302.04,849.4
302.06,896.3
302.07,917.4
302.09,954.4
302.11,983.3
302.12,994.5
302.14,1010.0
302.16,1016.0
302.17,1015.0
302.19,1006.0
302.21,987.1
302.22,974.6
302.24,943.2
302.25,924.8
302.27,883.0
302.29,835.7
302.3,810.6
302.32,758.0
302.34,703.6
302.35,676.1
302.37,621.7
302.39,568.7
302.4,543.1
302.42,494.1
302.44,448.8
302.45,427.6
302.47,388.6
302.49,353.9
302.5,338.2
302.52,309.9
302.54,285.7
302.55,275.0
302.57,256.0
302.59,239.9
302.6,232.7
302.62,220.0
302.63,214.3
302.65,204.0
302.67,194.6
302.68,190.2
302.7,181.8
302.72,173.7
302.73,169.8
302.75,162.0
302.77,154.2
302.78,150.4
302.8,142.8
302.82,135.4
302.83,131.8
302.85,124.8
302.87,118.2
302.88,115.1
302.9,109.2
302.92,103.9
302.93,101.4
302.95,96.88
302.97,92.89
302.98,91.08
303.0,87.79
303.01,86.29
303.03,83.53
303.05,81.02
303.06,79.82
303.08,77.49
303.1,75.18
303.11,74.01
303.13,71.59
303.15,69.05
303.16,67.72
303.18,64.94
303.2,62.0
303.21,60.48
303.23,57.36
303.25,54.17
303.26,52.58
303.28,49.44
303.3,46.42
303.31,44.98
303.33,42.32
303.35,40.01
303.36,39.01
303.38,37.4
303.39,36.81
303.41,36.09
303.43,36.06
303.44,36.33
303.46,37.44
303.48,39.37
303.49,40.65
303.51,43.83
303.53,47.84
303.54,50.14
303.56,55.3
303.58,61.15
303.59,64.3
303.61,70.98
303.63,78.03
303.64,81.66
303.66,88.99
303.68,96.28
303.69,99.85
303.71,106.7
303.72,110.0
303.74,116.0
303.76,121.2
303.77,123.5
303.79,127.4
303.81,130.2
303.82,131.1
303.84,132.2
303.86,132.1
303.87,131.7
303.89,130.0
303.91,127.4
303.92,125.8
303.94,121.9
303.96,117.5
303.97,115.1
303.99,110.1
304.01,105.0
304.02,102.4
304.04,97.18
304.06,92.17
304.07,89.76
304.09,85.19
304.1,83.04
304.12,79.04
304.14,75.46
304.15,73.83
304.17,70.89
304.19,68.33
304.2,67.2
304.22,65.18
304.24,63.48
304.25,62.75
304.27,61.48
304.29,60.48
304.3,60.08
304.32,59.5
304.34,59.22
304.35,59.21
304.37,59.49
304.39,60.22
304.4,60.78
304.42,62.33
304.44,64.54
304.45,65.91
304.47,69.26
304.48,71.24
304.5,75.88
304.52,81.42
304.53,84.53
304.55,91.45
304.57,99.22
304.58,103.4
304.6,112.3
304.62,121.8
304.63,126.7
304.65,136.7
304.67,146.8
304.68,151.8
304.7,161.5
304.72,170.6
304.73,174.8
304.75,182.5
304.77,188.9
304.78,191.5
304.8,195.6
304.82,198.0
304.83,198.4
304.85,198.0
304.86,197.1
304.88,193.8
304.9,188.7
304.91,185.6
304.93,178.1
304.95,169.3
304.96,164.4
304.98,153.9
305.0,142.8
305.01,137.0
305.03,125.3
305.05,113.5
305.06,107.7
305.08,96.25
305.1,85.35
305.11,80.14
305.13,70.3
305.15,61.31
305.16,57.17
305.18,49.6
305.19,46.18
305.21,40.1
305.23,35.01
305.24,32.83
305.26,29.18
305.28,26.45
305.29,25.42
305.31,24.01
305.33,23.44
305.34,23.46
305.36,24.12
305.38,25.57
305.39,26.6
305.41,29.27
305.43,32.77
305.44,34.85
305.46,39.65
305.48,45.37
305.49,48.58
305.51,55.71
305.53,63.82
305.54,68.25
305.56,77.82
305.57,82.97
305.59,93.97
305.61,105.8
305.62,112.1
305.64,125.1
305.66,138.7
305.67,145.7
305.69,159.8
305.71,174.1
305.72,181.2
305.74,195.2
305.76,208.7
305.77,215.2
305.79,227.4
305.81,238.4
305.82,243.4
305.84,252.3
305.86,259.4
305.87,262.2
305.89,266.4
305.91,268.4
305.92,268.7
305.94,267.5
305.95,266.1
305.97,261.8
305.99,255.5
306.0,251.6
306.02,242.6
306.04,232.1
306.05,226.4
306.07,214.1
306.09,200.9
306.1,194.1
306.12,180.3
306.14,166.3
306.15,159.4
306.17,145.9
306.19,133.0
306.2,126.9
306.22,115.4
306.24,105.0
306.25,100.3
306.27,92.11
306.29,85.45
306.3,82.74
306.32,78.62
306.33,77.23
306.35,75.79
306.37,76.18
306.38,77.06
306.4,80.15
306.42,84.99
306.43,88.03
306.45,95.31
306.47,104.0
306.48,108.9
306.5,119.5
306.52,131.0
306.53,137.1
306.55,149.5
306.57,162.3
306.58,168.6
306.6,181.1
306.62,193.0
306.63,198.6
306.65,209.0
306.66,213.7
306.68,222.0
306.7,228.6
306.71,231.2
306.73,234.9
306.75,236.5
306.76,236.6
306.78,235.3
306.8,232.1
306.81,229.9
306.83,224.2
306.85,217.3
306.86,213.5
306.88,205.3
306.9,196.7
306.91,192.3
306.93,183.9
306.95,176.1
306.96,172.5
306.98,166.2
307.0,161.4
307.01,159.6
307.03,157.4
307.04,157.0
307.06,157.9
307.08,160.9
307.09,163.1
307.11,169.3
307.13,177.5
307.14,182.4
307.16,193.4
307.18,206.1
307.19,212.9
307.21,227.6
307.23,243.3
307.24,251.5
307.26,268.2
307.28,285.2
307.29,293.8
307.31,310.9
307.33,327.7
307.34,335.9
307.36,351.9
307.38,367.2
307.39,374.5
307.41,388.4
307.42,395.0
307.44,407.4
307.46,418.8
307.47,424.1
307.49,434.1
307.51,443.4
307.52,447.8
307.54,456.3
307.56,464.9
307.57,469.3
307.59,478.9
307.61,490.1
307.62,496.7
307.64,512.3
307.66,532.4
307.67,544.8
307.69,575.1
307.71,614.8
307.72,639.0
307.74,698.1
307.76,774.0
307.77,819.4
307.79,927.9
307.8,992.0
307.82,1143.0
307.84,1328.0
307.85,1436.0
307.87,1683.0
307.89,1977.0
307.9,2143.0
307.92,2517.0
307.94,2949.0
307.95,3188.0
307.97,3711.0
307.99,4296.0
308.0,4610.0
308.02,5282.0
308.04,6006.0
308.05,6385.0
308.07,7170.0
308.09,7981.0
308.1,8392.0
308.12,9215.0
308.13,9622.0
308.15,10420.0
308.17,11170.0
308.18,11520.0
308.2,12170.0
308.22,12730.0
308.23,12970.0
308.25,13360.0
308.27,13620.0
308.28,13710.0
308.3,13770.0
308.32,13690.0
308.33,13590.0
308.35,13310.0
308.37,12900.0
308.38,12650.0
308.4,12070.0
308.42,11400.0
308.43,11040.0
308.45,10270.0
308.47,9461.0
308.48,9047.0
308.5,8213.0
308.51,7797.0
308.53,6979.0
308.55,6191.0
308.56,5812.0
308.58,5093.0
308.6,4431.0
308.61,4124.0
308.63,3560.0
308.65,3064.0
308.66,2843.0
308.68,2453.0
308.7,2131.0
308.71,1996.0
308.73,1774.0
308.75,1616.0
308.76,1560.0
308.78,1496.0
308.8,1493.0
308.81,1515.0
308.83,1607.0
308.85,1766.0
308.86,1872.0
308.88,2142.0
308.89,2308.0
308.91,2704.0
308.93,3195.0
308.94,3478.0
308.96,4128.0
308.98,4894.0
308.99,5322.0
309.01,6275.0
309.03,7358.0
309.04,7947.0
309.06,9223.0
309.08,10620.0
309.09,11360.0
309.11,12920.0
309.13,14550.0
309.14,15400.0
309.16,17110.0
309.18,18830.0
309.19,19680.0
309.21,21350.0
309.23,22920.0
309.24,23670.0
309.26,25040.0
309.27,25650.0
309.29,26730.0
309.31,27580.0
309.32,27900.0
309.34,28340.0
309.36,28500.0
309.37,28470.0
309.39,28200.0
309.41,27640.0
309.42,27260.0
309.44,26320.0
309.46,25160.0
309.47,24500.0
309.49,23070.0
309.51,21500.0
309.52,20680.0
309.54,18990.0
309.56,17270.0
309.57,16410.0
309.59,14720.0
309.6,13880.0
309.62,12280.0
309.64,10760.0
309.65,10040.0
309.67,8684.0
309.69,7454.0
309.7,6887.0
309.72,5847.0
309.74,4933.0
309.75,4521.0
309.77,3784.0
309.79,3155.0
309.8,2877.0
309.82,2390.0
309.84,1984.0
309.85,1808.0
309.87,1503.0
309.89,1253.0
309.9,1146.0
309.92,963.2
309.94,814.4
309.95,751.0
309.97,642.3
309.98,595.8
310.0,516.0
310.02,450.8
310.03,422.7
310.05,374.0
310.07,333.5
310.08,315.9
310.1,284.9
310.12,258.9
310.13,247.4
310.15,227.2
310.17,210.0
310.18,202.4
310.2,189.0
310.22,177.7
310.23,172.8
310.25,164.2
310.27,157.2
310.28,154.2
310.3,149.2
310.32,145.4
310.33,143.9
310.35,141.6
310.36,140.8
310.38,139.8
310.4,139.4
310.41,139.5
310.43,139.8
310.45,140.5
310.46,140.9
310.48,141.8
310.5,142.7
310.51,143.0
310.53,143.5
310.55,143.7
310.56,143.6
310.58,143.0
310.6,141.7
310.61,140.9
310.63,138.7
310.65,135.8
310.66,134.1
310.68,130.2
310.7,125.7
310.71,123.2
310.73,117.9
310.74,115.1
310.76,109.2
310.78,103.0
310.79,99.8
310.81,93.41
310.83,87.05
310.84,83.91
310.86,77.79
310.88,71.97
310.89,69.19
310.91,63.97
310.93,59.22
310.94,57.04
310.96,53.1
310.98,49.72
310.99,48.24
311.01,45.7
311.03,43.67
311.04,42.84
311.06,41.52
311.07,41.01
311.09,40.25
311.11,39.79
311.12,39.65
311.14,39.49
311.16,39.44
311.17,39.43
311.19,39.43
311.21,39.37
311.22,39.32
311.24,39.12
311.26,38.78
311.27,38.56
311.29,37.99
311.31,37.26
311.32,36.84
311.34,35.91
311.36,34.87
311.37,34.33
311.39,33.2
311.41,32.08
311.42,31.53
311.44,30.48
311.45,30.0
311.47,29.14
311.49,28.46
311.5,28.2
311.52,27.86
311.54,27.77
311.55,27.84
311.57,28.18
311.59,28.82
311.6,29.24
311.62,30.31
311.64,31.65
311.65,32.42
311.67,34.12
311.69,36.02
311.7,37.03
311.72,39.16
311.74,41.38
311.75,42.51
311.77,44.78
311.79,47.03
311.8,48.13
311.82,50.25
311.83,51.26
311.85,53.16
311.87,54.86
311.88,55.62
311.9,56.96
311.92,58.02
311.93,58.44
311.95,59.05
311.97,59.34
311.98,59.36
312.0,59.17
312.02,58.67
312.03,58.3
312.05,57.33
312.07,56.08
312.08,55.36
312.1,53.73
312.12,51.89
312.13,50.9
312.15,48.8
312.16,47.69
312.18,45.42
312.2,43.07
312.21,41.88
312.23,39.5
312.25,37.14
312.26,35.98
312.28,33.73
312.3,31.58
312.31,30.56
312.33,28.63
312.35,26.88
312.36,26.08
312.38,24.63
312.4,23.43
312.41,22.92
312.43,22.11
312.45,21.62
312.46,21.5
312.48,21.55
312.5,22.06
312.51,22.51
312.53,23.87
312.54,24.82
312.56,27.35
312.58,30.91
312.59,33.15
312.61,38.76
312.63,46.16
312.64,50.67
312.66,61.6
312.68,75.55
312.69,83.86
312.71,103.6
312.73,128.0
312.74,142.3
312.76,175.4
312.78,215.3
312.79,238.1
312.81,289.8
312.83,350.3
312.84,384.1
312.86,459.0
312.88,544.0
312.89,590.2
312.91,690.3
312.92,744.0
312.94,858.2
312.96,980.6
312.97,1044.0
312.99,1176.0
313.01,1312.0
313.02,1381.0
313.04,1518.0
313.06,1652.0
313.07,1717.0
313.09,1842.0
313.11,1955.0
313.12,2007.0
313.14,2099.0
313.16,2174.0
313.17,2204.0
313.19,2248.0
313.21,2270.0
313.22,2273.0
313.24,2261.0
313.26,2226.0
313.27,2201.0
313.29,2135.0
313.3,2095.0
313.32,2002.0
313.34,1894.0
313.35,1836.0
313.37,1711.0
313.39,1579.0
313.4,1511.0
313.42,1374.0
313.44,1236.0
313.45,1169.0
313.47,1037.0
313.49,910.4
313.5,850.1
313.52,735.8
313.54,630.9
313.55,582.1
313.57,492.1
313.59,412.2
313.6,376.0
313.62,310.8
313.63,281.7
313.65,230.0
313.67,186.3
313.68,167.3
313.7,134.1
313.72,107.0
313.73,95.38
313.75,75.64
313.77,59.93
313.78,53.37
313.8,42.45
313.82,34.03
313.83,30.61
313.85,25.08
313.87,21.02
313.88,19.44
313.9,17.03
313.92,15.46
313.93,14.93
313.95,14.3
313.97,14.14
313.98,14.21
314.0,14.61
314.01,14.91
314.03,15.71
314.05,16.73
314.06,17.3
314.08,18.58
314.1,19.99
314.11,20.74
314.13,22.32
314.15,23.98
314.16,24.84
314.18,26.6
314.2,28.39
314.21,29.29
314.23,31.11
314.25,32.9
314.26,33.79
314.28,35.52
314.3,37.17
314.31,37.96
314.33,39.45
314.35,40.8
314.36,41.41
314.38,42.5
314.39,42.98
314.41,43.77
314.43,44.35
314.44,44.56
314.46,44.8
314.48,44.83
314.49,44.76
314.51,44.48
314.53,44.02
314.54,43.74
314.56,43.07
314.58,42.3
314.59,41.89
314.61,41.05
314.63,40.21
314.64,39.8
314.66,39.03
314.68,38.34
314.69,38.04
314.71,37.53
314.73,37.17
314.74,37.05
314.76,36.94
314.77,36.95
314.79,37.09
314.81,37.4
314.82,37.62
314.84,38.19
314.86,38.91
314.87,39.33
314.89,40.28
314.91,41.37
314.92,41.97
314.94,43.26
314.96,44.69
314.97,45.45
314.99,47.07
315.01,48.81
315.02,49.73
315.04,51.66
315.06,53.71
315.07,54.78
315.09,57.02
315.1,58.18
315.12,60.61
315.14,63.17
315.15,64.52
315.17,67.34
315.19,70.38
315.2,72.0
315.22,75.51
315.24,79.46
315.25,81.64
315.27,86.58
315.29,92.46
315.3,95.86
315.32,103.8
315.34,113.7
315.35,119.6
315.37,133.6
315.39,151.2
315.4,161.7
315.42,186.6
315.44,217.9
315.45,236.4
315.47,279.7
315.48,305.1
315.5,364.0
315.52,435.5
315.53,476.5
315.55,570.1
315.57,680.5
315.58,742.6
315.6,881.0
315.62,1040.0
315.63,1127.0
315.65,1317.0
315.67,1527.0
315.68,1640.0
315.7,1880.0
315.72,2137.0
315.73,2270.0
315.75,2547.0
315.77,2831.0
315.78,2975.0
315.8,3261.0
315.82,3542.0
315.83,3679.0
315.85,3940.0
315.86,4063.0
315.88,4289.0
315.9,4486.0
315.91,4571.0
315.93,4712.0
315.95,4812.0
315.96,4845.0
315.98,4877.0
316.0,4863.0
316.01,4839.0
316.03,4757.0
316.05,4633.0
316.06,4557.0
316.08,4377.0
316.1,4166.0
316.11,4050.0
316.13,3803.0
316.15,3540.0
316.16,3404.0
316.18,3128.0
316.2,2850.0
316.21,2712.0
316.23,2442.0
316.24,2310.0
316.26,2056.0
316.28,1817.0
316.29,1704.0
316.31,1491.0
316.33,1296.0
316.34,1206.0
316.36,1040.0
316.38,893.2
316.39,826.4
316.41,705.7
316.43,601.2
316.44,554.6
316.46,471.8
316.48,401.7
316.49,371.0
316.51,317.5
316.53,273.3
316.54,254.5
316.56,222.4
316.57,208.9
316.59,186.6
316.61,169.8
316.62,163.2
316.64,153.2
316.66,147.0
316.67,145.1
316.69,143.5
316.71,144.3
316.72,145.4
316.74,148.9
316.76,153.7
316.77,156.3
316.79,162.1
316.81,168.1
316.82,171.1
316.84,176.7
316.86,181.6
316.87,183.7
316.89,187.1
316.91,189.3
316.92,189.8
316.94,189.8
316.95,189.2
316.97,186.9
316.99,183.1
317.0,180.6
317.02,174.7
317.04,167.6
317.05,163.6
317.07,155.0
317.09,145.6
317.1,140.8
317.12,130.8
317.14,120.7
317.15,115.7
317.17,105.9
317.19,96.58
317.2,92.15
317.22,83.93
317.24,76.71
317.25,73.56
317.27,68.32
317.29,64.74
317.3,63.68
317.32,63.26
317.33,64.01
317.35,67.8
317.37,75.2
317.38,80.51
317.4,94.94
317.42,115.4
317.43,128.4
317.45,160.7
317.47,203.0
317.48,228.6
317.5,290.0
317.52,367.1
317.53,412.4
317.55,518.4
317.57,647.4
317.58,721.5
317.6,890.7
317.62,1091.0
317.63,1203.0
317.65,1453.0
317.67,1740.0
317.68,1898.0
317.7,2241.0
317.71,2427.0
317.73,2826.0
317.75,3260.0
317.76,3489.0
317.78,3968.0
317.8,4470.0
317.81,4727.0
317.83,5250.0
317.85,5775.0
317.86,6036.0
317.88,6546.0
317.9,7033.0
317.91,7264.0
317.93,7694.0
317.95,8073.0
317.96,8240.0
317.98,8525.0
318.0,8738.0
318.01,8816.0
318.03,8910.0
318.04,8927.0
318.06,8899.0
318.08,8789.0
318.09,8705.0
318.11,8481.0
318.13,8189.0
318.14,8019.0
318.16,7639.0
318.18,7212.0
318.19,6985.0
318.21,6508.0
318.23,6011.0
318.24,5759.0
318.26,5251.0
318.28,4747.0
318.29,4500.0
318.31,4018.0
318.33,3558.0
318.34,3338.0
318.36,2921.0
318.38,2535.0
318.39,2355.0
318.41,2021.0
318.42,1867.0
318.44,1585.0
318.46,1336.0
318.47,1223.0
318.49,1021.0
318.51,847.4
318.52,770.4
318.54,634.5
318.56,520.6
318.57,471.0
318.59,385.3
318.61,315.3
318.62,285.5
318.64,234.9
318.66,194.9
318.67,178.3
318.69,150.9
318.71,130.3
318.72,122.1
318.74,109.4
318.76,100.9
318.77,97.98
318.79,94.41
318.8,93.64
318.82,93.85
318.84,96.1
318.85,97.9
318.87,102.7
318.89,108.9
318.9,112.5
318.92,120.5
318.94,129.6
318.95,134.4
318.97,144.8
318.99,156.0
319.0,161.8
319.02,173.9
319.04,186.5
319.05,193.0
319.07,206.4
319.09,220.2
319.1,227.4
319.12,242.0
319.14,257.3
319.15,265.2
319.17,281.8
319.18,290.6
319.2,309.0
319.22,329.1
319.23,339.8
319.25,362.9
319.27,388.5
319.28,402.3
319.3,432.0
319.32,464.9
319.33,482.5
319.35,520.2
319.37,561.0
319.38,582.5
319.4,627.6
319.42,675.1
319.43,699.5
319.45,749.2
319.47,799.4
319.48,824.5
319.5,873.8
319.51,897.8
319.53,943.8
319.55,986.5
319.56,1006.0
319.58,1042.0
319.6,1073.0
319.61,1086.0
319.63,1107.0
319.65,1123.0
319.66,1128.0
319.68,1134.0
319.7,1136.0
319.71,1134.0
319.73,1129.0
319.75,1121.0
319.76,1116.0
319.78,1106.0
319.8,1096.0
319.81,1092.0
319.83,1084.0
319.85,1080.0
319.86,1080.0
319.88,1082.0
319.89,1085.0
319.91,1095.0
319.93,1111.0
319.94,1121.0
319.96,1144.0
319.98,1173.0
319.99,1189.0
320.01,1225.0
320.03,1263.0
320.04,1283.0
320.06,1325.0
320.08,1368.0
320.09,1389.0
320.11,1432.0
320.13,1473.0
320.14,1493.0
320.16,1530.0
320.18,1565.0
320.19,1581.0
320.21,1609.0
320.23,1632.0
320.24,1642.0
320.26,1657.0
320.27,1662.0
320.29,1667.0
320.31,1666.0
320.32,1662.0
320.34,1649.0
320.36,1628.0
320.37,1615.0
320.39,1582.0
320.41,1542.0
320.42,1518.0
320.44,1466.0
320.46,1407.0
320.47,1375.0
320.49,1307.0
320.51,1233.0
320.52,1195.0
320.54,1115.0
320.56,1034.0
320.57,992.2
320.59,909.1
320.61,826.7
320.62,786.0
320.64,706.6
320.65,668.0
320.67,593.7
320.69,523.8
320.7,490.7
320.72,428.5
320.74,371.9
320.75,345.7
320.77,297.8
320.79,255.8
320.8,236.8
320.82,203.2
320.84,174.8
320.85,162.4
320.87,141.3
320.89,124.4
320.9,117.5
320.92,106.4
320.94,98.56
320.95,95.77
320.97,92.19
320.98,91.33
321.0,91.27
321.02,93.24
321.03,94.93
321.05,99.61
321.07,106.0
321.08,109.8
321.1,118.7
321.12,129.4
321.13,135.4
321.15,149.2
321.17,165.3
321.18,174.4
321.2,195.0
321.22,219.1
321.23,232.7
321.25,263.4
321.27,299.4
321.28,319.5
321.3,364.7
321.32,417.1
321.33,446.2
321.35,510.6
321.36,546.2
321.38,624.1
321.4,711.6
321.41,759.0
321.43,861.0
321.45,972.5
321.46,1032.0
321.48,1156.0
321.5,1288.0
321.51,1356.0
321.53,1496.0
321.55,1638.0
321.56,1710.0
321.58,1851.0
321.6,1990.0
321.61,2056.0
321.63,2183.0
321.65,2298.0
321.66,2351.0
321.68,2444.0
321.7,2519.0
321.71,2549.0
321.73,2593.0
321.74,2607.0
321.76,2617.0
321.78,2605.0
321.79,2590.0
321.81,2544.0
321.83,2477.0
321.84,2436.0
321.86,2341.0
321.88,2231.0
321.89,2171.0
321.91,2043.0
321.93,1907.0
321.94,1837.0
321.96,1695.0
321.98,1553.0
321.99,1483.0
322.01,1346.0
322.03,1214.0
322.04,1151.0
322.06,1032.0
322.07,975.7
322.09,871.4
322.11,778.0
322.12,735.4
322.14,658.4
322.16,592.3
322.17,563.1
322.19,512.2
322.21,470.4
322.22,452.7
322.24,423.0
322.26,400.2
322.27,391.1
322.29,376.8
322.31,367.1
322.32,363.7
322.34,359.3
322.36,357.7
322.37,357.7
322.39,359.1
322.41,362.2
322.42,364.2
322.44,369.2
322.45,372.2
322.47,378.9
322.49,387.0
322.5,391.6
322.52,402.1
322.54,414.6
322.55,421.7
322.57,438.2
322.59,458.1
322.6,469.5
322.62,495.9
322.64,527.7
322.65,545.9
322.67,587.4
322.69,636.6
322.7,664.3
322.72,726.8
322.74,799.1
322.75,839.2
322.77,927.7
322.79,1027.0
322.8,1082.0
322.82,1199.0
322.83,1261.0
322.85,1395.0
322.87,1538.0
322.88,1613.0
322.9,1768.0
322.92,1928.0
322.93,2010.0
322.95,2174.0
322.97,2338.0
322.98,2418.0
323.0,2574.0
323.02,2720.0
323.03,2789.0
323.05,2916.0
323.07,3026.0
323.08,3075.0
323.1,3156.0
323.12,3215.0
323.13,3236.0
323.15,3261.0
323.17,3264.0
323.18,3257.0
323.2,3226.0
323.21,3204.0
323.23,3145.0
323.25,3070.0
323.26,3028.0
323.28,2934.0
323.3,2831.0
323.31,2778.0
323.33,2669.0
323.35,2558.0
323.36,2503.0
323.38,2395.0
323.4,2293.0
323.41,2243.0
323.43,2150.0
323.45,2064.0
323.46,2024.0
323.48,1950.0
323.5,1884.0
323.51,1853.0
323.53,1798.0
323.54,1772.0
323.56,1726.0
323.58,1684.0
323.59,1664.0
323.61,1629.0
323.63,1596.0
323.64,1580.0
323.66,1551.0
323.68,1524.0
323.69,1512.0
323.71,1489.0
323.73,1469.0
323.74,1460.0
323.76,1446.0
323.78,1438.0
323.79,1436.0
323.81,1437.0
323.83,1447.0
323.84,1456.0
323.86,1481.0
323.88,1519.0
323.89,1543.0
323.91,1602.0
323.92,1637.0
323.94,1719.0
323.96,1817.0
323.97,1873.0
323.99,1996.0
324.01,2136.0
324.02,2212.0
324.04,2375.0
324.06,2550.0
324.07,2641.0
324.09,2831.0
324.11,3025.0
324.12,3123.0
324.14,3318.0
324.16,3506.0
324.17,3597.0
324.19,3769.0
324.21,3923.0
324.22,3992.0
324.24,4111.0
324.26,4202.0
324.27,4236.0
324.29,4278.0
324.3,4287.0
324.32,4277.0
324.34,4232.0
324.35,4196.0
324.37,4099.0
324.39,3969.0
324.4,3893.0
324.42,3721.0
324.44,3526.0
324.45,3421.0
324.47,3199.0
324.49,2966.0
324.5,2847.0
324.52,2606.0
324.54,2366.0
324.55,2248.0
324.57,2017.0
324.59,1796.0
324.6,1691.0
324.62,1491.0
324.64,1307.0
324.65,1222.0
324.67,1064.0
324.68,992.5
324.7,862.0
324.72,749.1
324.73,698.9
324.75,610.4
324.77,536.7
324.78,504.9
324.8,450.5
324.82,407.1
324.83,389.0
324.85,359.2
324.87,336.6
324.88,327.5
324.9,313.3
324.92,303.3
324.93,299.6
324.95,294.2
324.97,291.0
324.98,290.1
325.0,289.3
325.01,289.4
325.03,290.2
325.05,291.9
325.06,293.0
325.08,295.6
325.1,298.9
325.11,300.7
325.13,304.8
325.15,309.4
325.16,311.8
325.18,317.0
325.2,322.3
325.21,325.1
325.23,330.5
325.25,335.7
325.26,338.2
325.28,342.7
325.3,346.4
325.31,347.9
325.33,350.0
325.35,350.8
325.36,350.6
325.38,349.0
325.39,347.5
325.41,343.3
325.43,337.3
325.44,333.6
325.46,324.9
325.48,314.6
325.49,308.8
325.51,296.2
325.53,282.3
325.54,275.0
325.56,259.7
325.58,243.9
325.59,235.8
325.61,219.6
325.63,203.4
325.64,195.5
325.66,180.1
325.68,165.5
325.69,158.5
325.71,145.5
325.73,133.8
325.74,128.6
325.76,119.2
325.77,115.2
325.79,108.6
325.81,103.8
325.82,102.2
325.84,100.5
325.86,101.0
325.87,102.1
325.89,105.9
325.91,112.0
325.92,116.0
325.94,125.8
325.96,138.0
325.97,145.1
325.99,161.3
326.01,180.2
326.02,190.7
326.04,214.0
326.06,240.3
326.07,254.7
326.09,285.9
326.11,320.6
326.12,339.3
326.14,379.5
326.15,401.0
326.17,447.0
326.19,497.1
326.2,523.6
326.22,579.6
326.24,639.4
326.25,670.7
326.27,735.9
326.29,804.1
326.3,839.1
326.32,910.5
326.34,983.1
326.35,1020.0
326.37,1092.0
326.39,1162.0
326.4,1197.0
326.42,1262.0
326.44,1322.0
326.45,1350.0
326.47,1399.0
326.48,1420.0
326.5,1456.0
326.52,1481.0
326.53,1490.0
326.55,1498.0
326.57,1494.0
326.58,1487.0
326.6,1465.0
326.62,1431.0
326.63,1410.0
326.65,1360.0
326.67,1300.0
326.68,1267.0
326.7,1196.0
326.72,1120.0
326.73,1080.0
326.75,997.8
326.77,914.4
326.78,872.7
326.8,790.1
326.82,709.8
326.83,670.9
326.85,596.3
326.86,560.8
326.88,494.0
326.9,433.0
326.91,404.8
326.93,353.3
326.95,308.1
326.96,287.9
326.98,252.0
327.0,221.9
327.01,208.9
327.03,186.8
327.05,169.2
327.06,161.9
327.08,150.2
327.1,141.6
327.11,138.2
327.13,133.3
327.15,130.1
327.16,129.0
327.18,127.5
327.2,126.7
327.21,126.4
327.23,126.0
327.24,125.7
327.26,125.1
327.28,124.0
327.29,123.3
327.31,121.6
327.33,119.3
327.34,117.9
327.36,114.9
327.38,111.4
327.39,109.5
327.41,105.6
327.43,101.4
327.44,99.36
327.46,95.26
327.48,91.33
327.49,89.48
327.51,86.06
327.53,83.13
327.54,81.88
327.56,79.85
327.58,78.52
327.59,78.13
327.61,77.91
327.62,78.08
327.64,78.99
327.66,80.64
327.67,81.72
327.69,84.36
327.71,87.58
327.72,89.37
327.74,93.28
327.76,97.5
327.77,99.7
327.79,104.2
327.81,108.7
327.82,110.9
327.84,115.2
327.86,119.2
327.87,121.1
327.89,124.5
327.91,127.4
327.92,128.6
327.94,130.6
327.95,131.4
327.97,132.4
327.99,132.9
328.0,132.8
328.02,132.4
328.04,131.4
328.05,130.7
328.07,129.1
328.09,127.2
328.1,126.3
328.12,124.4
328.14,122.9
328.15,122.4
328.17,121.9
328.19,122.8
328.2,124.0
328.22,128.1
328.24,135.6
328.25,140.9
328.27,155.6
328.29,177.5
328.3,191.8
328.32,228.7
328.33,252.2
328.35,311.6
328.37,391.5
328.38,440.8
328.4,562.0
328.42,719.4
328.43,814.2
328.45,1042.0
328.47,1330.0
328.48,1500.0
328.5,1899.0
328.52,2390.0
328.53,2674.0
328.55,3327.0
328.57,4109.0
328.58,4551.0
328.6,5551.0
328.62,6711.0
328.63,7356.0
328.65,8778.0
328.67,10380.0
328.68,11260.0
328.7,13140.0
328.71,14150.0
328.73,16290.0
328.75,18590.0
328.76,19790.0
328.78,22280.0
328.8,24850.0
328.81,26160.0
328.83,28790.0
328.85,31390.0
328.86,32670.0
328.88,35140.0
328.9,37460.0
328.91,38540.0
328.93,40520.0
328.95,42210.0
328.96,42940.0
328.98,44130.0
329.0,44930.0
329.01,45190.0
329.03,45390.0
329.05,45170.0
329.06,44910.0
329.08,44090.0
329.09,43530.0
329.11,42150.0
329.13,40450.0
329.14,39480.0
329.16,37370.0
329.18,35040.0
329.19,33820.0
329.21,31280.0
329.23,28670.0
329.24,27360.0
329.26,24730.0
329.28,22160.0
329.29,20900.0
329.31,18470.0
329.33,16170.0
329.34,15080.0
329.36,13020.0
329.38,11150.0
329.39,10280.0
329.41,8676.0
329.42,7945.0
329.44,6616.0
329.46,5460.0
329.47,4943.0
329.49,4024.0
329.51,3246.0
329.52,2906.0
329.54,2313.0
329.56,1825.0
329.57,1615.0
329.59,1258.0
329.61,970.9
329.62,850.4
329.64,648.4
329.66,490.7
329.67,425.7
329.69,319.0
329.71,238.0
329.72,205.4
329.74,153.1
329.76,114.7
329.77,99.77
329.79,76.67
329.8,67.97
329.82,55.16
329.84,47.29
329.85,44.85
329.87,42.44
329.89,42.76
329.9,43.8
329.92,47.37
329.94,52.75
329.95,56.05
329.97,63.78
329.99,72.93
330.0,78.01
330.02,89.12
330.04,101.4
330.05,108.0
330.07,121.8
330.09,136.5
330.1,144.2
330.12,159.8
330.14,175.9
330.15,183.9
330.17,200.0
330.18,207.9
330.2,223.3
330.22,238.0
330.23,245.0
330.25,257.9
330.27,269.4
330.28,274.5
330.3,283.4
330.32,290.3
330.33,293.0
330.35,296.8
330.37,298.4
330.38,298.4
330.4,296.9
330.42,293.5
330.43,291.2
330.45,285.2
330.47,277.8
330.48,273.6
330.5,264.5
330.52,254.6
330.53,249.4
330.55,238.8
330.56,233.4
330.58,222.7
330.6,212.2
330.61,207.1
330.63,197.2
330.65,188.0
330.66,183.7
330.68,175.7
330.7,168.8
330.71,165.7
330.73,160.5
330.75,156.7
330.76,155.3
330.78,153.8
330.8,154.1
330.81,155.0
330.83,158.3
330.85,163.9
330.86,167.7
330.88,177.3
330.89,183.2
330.91,197.3
330.93,214.7
330.94,224.7
330.96,247.4
330.98,273.8
330.99,288.4
331.01,320.3
331.03,355.9
331.04,374.9
331.06,415.4
331.08,458.6
331.09,481.1
331.11,527.4
331.13,574.9
331.14,598.7
331.16,646.3
331.18,692.6
331.19,715.1
331.21,757.8
331.23,796.8
331.24,814.7
331.26,846.3
331.27,860.0
331.29,882.5
331.31,898.0
331.32,903.0
331.34,907.4
331.36,904.1
331.37,899.6
331.39,885.1
331.41,863.5
331.42,850.2
331.44,819.1
331.46,782.7
331.47,762.7
331.49,719.9
331.51,674.1
331.52,650.3
331.54,601.9
331.56,552.9
331.57,528.4
331.59,480.2
331.61,433.5
331.62,411.0
331.64,367.7
331.65,347.1
331.67,308.2
331.69,272.6
331.7,256.0
331.72,225.6
331.74,198.7
331.75,186.6
331.77,164.8
331.79,146.2
331.8,138.1
331.82,124.0
331.84,112.7
331.85,108.0
331.87,100.5
331.89,95.29
331.9,93.48
331.92,91.37
331.94,91.17
331.95,91.75
331.97,94.2
331.99,98.29
332.0,100.9
332.02,107.3
332.03,111.0
332.05,119.5
332.07,129.2
332.08,134.5
332.1,145.9
332.12,158.1
332.13,164.5
332.15,177.7
332.17,191.2
332.18,198.1
332.2,211.6
332.22,224.9
332.23,231.3
332.25,243.5
332.27,254.6
332.28,259.7
332.3,268.7
332.32,276.1
332.33,279.1
332.35,283.6
332.36,285.1
332.38,286.5
332.4,285.9
332.41,284.9
332.43,281.3
332.45,275.9
332.46,272.6
332.48,264.9
332.5,255.9
332.51,251.1
332.53,240.9
332.55,230.2
332.56,224.9
332.58,214.2
332.6,203.9
332.61,199.0
332.63,189.9
332.65,181.8
332.66,178.2
332.68,172.1
332.7,167.5
332.71,165.8
332.73,163.5
332.74,163.0
332.76,163.2
332.78,164.9
332.79,166.3
332.81,170.1
332.83,175.1
332.84,178.0
332.86,184.4
332.88,191.6
332.89,195.3
332.91,203.1
332.93,211.0
332.94,214.9
332.96,222.5
332.98,229.8
332.99,233.3
333.01,239.6
333.03,245.2
333.04,247.7
333.06,252.0
333.08,255.3
333.09,256.6
333.11,258.5
333.12,259.1
333.14,259.7
333.16,259.4
333.17,259.0
333.19,257.6
333.21,255.7
333.22,254.6
333.24,252.1
333.26,249.4
333.27,248.0
333.29,245.2
333.31,242.5
333.32,241.2
333.34,238.7
333.36,236.6
333.37,235.7
333.39,234.1
333.41,232.9
333.42,232.5
333.44,231.9
333.45,231.8
333.47,231.7
333.49,231.9
333.5,232.1
333.52,232.6
333.54,233.2
333.55,233.5
333.57,234.1
333.59,234.5
333.6,234.7
333.62,234.8
333.64,234.7
333.65,234.6
333.67,234.1
333.69,233.5
333.7,233.2
333.72,232.6
333.74,232.0
333.75,231.9
333.77,231.9
333.79,232.5
333.8,233.2
333.82,235.1
333.83,236.6
333.85,240.4
333.87,245.8
333.88,249.1
333.9,257.0
333.92,266.8
333.93,272.4
333.95,285.0
333.97,299.6
333.98,307.5
334.0,324.6
334.02,343.1
334.03,352.8
334.05,372.9
334.07,393.4
334.08,403.8
334.1,424.3
334.12,444.2
334.13,453.7
334.15,471.6
334.17,487.7
334.18,494.8
334.2,507.2
334.21,512.3
334.23,520.3
334.25,525.0
334.26,526.1
334.28,525.7
334.3,522.1
334.31,519.1
334.33,511.0
334.35,500.2
334.36,494.0
334.38,480.3
334.4,465.3
334.41,457.6
334.43,442.2
334.45,427.4
334.46,420.5
334.48,408.3
334.5,398.9
334.51,395.5
334.53,391.9
334.55,393.2
334.56,396.0
334.58,406.2
334.59,413.7
334.61,434.2
334.63,462.1
334.64,478.9
334.66,518.6
334.68,566.2
334.69,592.9
334.71,652.1
334.73,718.5
334.74,754.2
334.76,830.0
334.78,910.7
334.79,952.6
334.81,1038.0
334.83,1125.0
334.84,1169.0
334.86,1255.0
334.88,1337.0
334.89,1377.0
334.91,1451.0
334.92,1485.0
334.94,1547.0
334.96,1598.0
334.97,1619.0
334.99,1653.0
335.01,1673.0
335.02,1677.0
335.04,1676.0
335.06,1661.0
335.07,1648.0
335.09,1613.0
335.11,1565.0
335.12,1537.0
335.14,1472.0
335.16,1399.0
335.17,1359.0
335.19,1275.0
335.21,1186.0
335.22,1140.0
335.24,1048.0
335.26,955.2
335.27,909.2
335.29,818.9
335.3,774.9
335.32,689.9
335.34,609.8
335.35,571.7
335.37,500.0
335.39,434.6
335.4,404.3
335.42,348.4
335.44,298.9
335.45,276.5
335.47,236.2
335.49,201.6
335.5,186.3
335.52,159.5
335.54,137.5
335.55,128.1
335.57,112.4
335.59,100.5
335.6,95.95
335.62,89.39
335.64,86.17
335.65,85.79
335.67,87.53
335.68,89.67
335.7,96.57
335.72,107.2
335.73,113.9
335.75,130.7
335.77,151.9
335.78,164.4
335.8,193.3
335.82,227.9
335.83,247.5
335.85,291.4
335.87,342.0
335.88,369.9
335.9,431.0
335.92,499.4
335.93,536.2
335.95,615.2
335.97,701.0
335.98,746.2
336.0,840.9
336.02,940.7
336.03,992.1
336.05,1097.0
336.06,1150.0
336.08,1258.0
336.1,1364.0
336.11,1417.0
336.13,1519.0
336.15,1616.0
336.16,1662.0
336.18,1747.0
336.2,1823.0
336.21,1856.0
336.23,1914.0
336.25,1958.0
336.26,1974.0
336.28,1996.0
336.3,2002.0
336.31,1999.0
336.33,1982.0
336.35,1950.0
336.36,1928.0
336.38,1874.0
336.39,1842.0
336.41,1770.0
336.43,1687.0
336.44,1642.0
336.46,1547.0
336.48,1446.0
336.49,1394.0
336.51,1288.0
336.53,1181.0
336.54,1128.0
336.56,1023.0
336.58,921.7
336.59,872.7
336.61,778.7
336.63,691.3
336.64,650.3
336.66,574.5
336.68,507.3
336.69,477.2
336.71,424.3
336.73,381.4
336.74,363.9
336.76,337.2
336.77,328.0
336.79,318.4
336.81,321.1
336.82,327.2
336.84,349.4
336.86,385.6
336.87,409.2
336.89,468.1
336.91,543.2
336.92,587.1
336.94,688.2
336.96,807.5
336.97,874.2
336.99,1022.0
337.01,1189.0
337.02,1279.0
337.04,1474.0
337.06,1687.0
337.07,1799.0
337.09,2034.0
337.11,2282.0
337.12,2410.0
337.14,2671.0
337.15,2802.0
337.17,3067.0
337.19,3327.0
337.2,3455.0
337.22,3701.0
337.24,3931.0
337.25,4038.0
337.27,4234.0
337.29,4401.0
337.3,4473.0
337.32,4590.0
337.34,4670.0
337.35,4695.0
337.37,4716.0
337.39,4695.0
337.4,4670.0
337.42,4590.0
337.44,4472.0
337.45,4400.0
337.47,4233.0
337.49,4036.0
337.5,3929.0
337.52,3698.0
337.53,3577.0
337.55,3324.0
337.57,3063.0
337.58,2931.0
337.6,2667.0
337.62,2406.0
337.63,2278.0
337.65,2030.0
337.67,1795.0
337.68,1683.0
337.7,1470.0
337.72,1276.0
337.73,1185.0
337.75,1018.0
337.77,869.2
337.78,801.8
337.8,680.4
337.82,576.1
337.83,530.0
337.85,449.1
337.86,414.1
337.88,353.8
337.9,305.5
337.91,285.4
337.93,252.5
337.95,228.3
337.96,219.1
337.98,205.8
338.0,198.6
338.01,197.1
338.03,197.4
338.05,202.0
338.06,205.7
338.08,215.6
338.1,228.4
338.11,235.8
338.13,252.3
338.15,271.0
338.16,281.0
338.18,302.3
338.2,324.9
338.21,336.6
338.23,360.6
338.24,372.8
338.26,397.3
338.28,421.8
338.29,433.8
338.31,457.2
338.33,479.3
338.34,489.8
338.36,509.2
338.38,526.3
338.39,533.9
338.41,546.8
338.43,556.5
338.44,560.1
338.46,564.7
338.48,565.8
338.49,565.0
338.51,560.9
338.53,553.6
338.54,548.8
338.56,537.2
338.58,523.1
338.59,515.3
338.61,498.4
338.62,489.5
338.64,471.0
338.66,452.1
338.67,442.6
338.69,423.9
338.71,406.1
338.72,397.7
338.74,382.0
338.76,368.1
338.77,362.0
338.79,351.7
338.81,344.1
338.82,341.4
338.84,338.3
338.86,338.4
338.87,339.7
338.89,345.0
338.91,353.8
338.92,359.5
338.94,373.6
338.96,391.2
338.97,401.3
338.99,423.9
339.0,436.4
339.02,463.4
339.04,493.1
339.05,508.7
339.07,541.3
339.09,575.2
339.1,592.5
339.12,627.1
339.14,661.3
339.15,678.0
339.17,710.2
339.19,739.9
339.2,753.6
339.22,778.4
339.24,799.0
339.25,807.5
339.27,820.7
339.29,828.6
339.3,830.3
339.32,829.6
339.33,827.0
339.35,817.5
339.37,802.3
339.38,792.7
339.4,769.7
339.42,742.1
339.43,726.7
339.45,693.3
339.47,656.8
339.48,637.6
339.5,597.9
339.52,556.9
339.53,536.1
339.55,494.5
339.57,453.3
339.58,433.0
339.6,393.3
339.62,355.2
339.63,336.8
339.65,301.8
339.67,269.0
339.68,253.6
339.7,224.6
339.71,211.1
339.73,185.9
339.75,163.3
339.76,153.0
339.78,134.1
339.8,117.4
339.81,109.9
339.83,96.42
339.85,84.82
339.86,79.68
339.88,70.6
339.9,62.97
339.91,59.64
339.93,53.88
339.95,49.18
339.96,47.17
339.98,43.78
340.0,41.11
340.01,40.0
340.03,38.2
340.05,36.86
340.06,36.33
340.08,35.54
340.09,35.25
340.11,34.85
340.13,34.66
340.14,34.63
340.16,34.67
340.18,34.83
340.19,34.95
340.21,35.25
340.23,35.63
340.24,35.85
340.26,36.33
340.28,36.89
340.29,37.19
340.31,37.87
340.33,38.63
340.34,39.05
340.36,39.97
340.38,41.03
340.39,41.61
340.41,42.89
340.43,44.35
340.44,45.15
340.46,46.91
340.47,47.86
340.49,49.94
340.51,52.22
340.52,53.45
340.54,56.05
340.56,58.84
340.57,60.3
340.59,63.32
340.61,66.46
340.62,68.05
340.64,71.26
340.66,74.45
340.67,76.01
340.69,79.06
340.71,81.93
340.72,83.28
340.74,85.77
340.76,87.94
340.77,88.89
340.79,90.5
340.8,91.15
340.82,92.12
340.84,92.64
340.85,92.74
340.87,92.6
340.89,92.05
340.9,91.62
340.92,90.5
340.94,89.06
340.95,88.23
340.97,86.41
340.99,84.41
341.0,83.36
341.02,81.21
341.04,79.04
341.05,77.96
341.07,75.84
341.09,73.82
341.1,72.86
341.12,71.03
341.14,69.37
341.15,68.6
341.17,67.18
341.18,66.53
341.2,65.35
341.22,64.29
341.23,63.81
341.25,62.9
341.27,62.06
341.28,61.66
341.3,60.85
341.32,60.04
341.33,59.62
341.35,58.74
341.37,57.79
341.38,57.28
341.4,56.21
341.42,55.06
341.43,54.45
341.45,53.18
341.47,51.85
341.48,51.17
341.5,49.79
341.52,48.4
341.53,47.72
341.55,46.37
341.56,45.72
341.58,44.47
341.6,43.31
341.61,42.78
341.63,41.79
341.65,40.92
341.66,40.54
341.68,39.87
341.7,39.33
341.71,39.11
341.73,38.75
341.75,38.5
341.76,38.42
341.78,38.33
341.8,38.34
341.81,38.39
341.83,38.56
341.85,38.88
341.86,39.1
341.88,39.71
341.89,40.11
341.91,41.16
341.93,42.64
341.94,43.58
341.96,45.95
341.98,49.14
341.99,51.11
342.01,55.94
342.03,62.19
342.04,65.93
342.06,74.85
342.08,85.97
342.09,92.46
342.11,107.5
342.13,125.7
342.14,136.0
342.16,159.5
342.18,186.9
342.19,202.1
342.21,235.9
342.23,274.2
342.24,295.1
342.26,340.2
342.27,364.4
342.29,416.2
342.31,472.1
342.32,501.4
342.34,562.5
342.36,626.3
342.37,658.9
342.39,725.1
342.41,791.7
342.42,824.8
342.44,889.7
342.46,952.1
342.47,981.9
342.49,1038.0
342.51,1089.0
342.52,1111.0
342.54,1151.0
342.56,1183.0
342.57,1195.0
342.59,1214.0
342.61,1222.0
342.62,1222.0
342.64,1216.0
342.65,1209.0
342.67,1189.0
342.69,1159.0
342.7,1141.0
342.72,1099.0
342.74,1051.0
342.75,1025.0
342.77,968.1
342.79,907.7
342.8,876.4
342.82,812.4
342.84,747.4
342.85,714.9
342.87,650.5
342.89,587.6
342.9,557.0
342.92,497.8
342.94,441.9
342.95,415.3
342.97,365.0
342.99,318.7
343.0,297.2
343.02,257.1
343.03,238.7
343.05,204.8
343.07,174.8
343.08,161.2
343.1,136.5
343.12,115.2
343.13,105.6
343.15,88.54
343.17,74.0
343.18,67.57
343.2,56.24
343.22,46.71
343.23,42.54
343.25,35.26
343.27,29.21
343.28,26.59
343.3,22.05
343.32,18.32
343.33,16.72
343.35,13.98
343.36,12.83
343.38,10.88
343.4,9.378
343.41,8.779
343.43,7.869
343.45,7.331
343.46,7.201
343.48,7.23
343.5,7.671
343.51,8.061
343.53,9.218
343.55,10.95
343.56,12.06
343.58,14.85
343.6,18.51
343.61,20.72
343.63,26.0
343.65,32.6
343.66,36.46
343.68,45.46
343.7,56.36
343.71,62.6
343.73,76.85
343.74,84.92
343.76,103.1
343.78,124.3
343.79,136.0
343.81,162.0
343.83,191.5
343.84,207.6
343.86,242.4
343.88,280.9
343.89,301.5
343.91,345.2
343.93,392.1
343.94,416.6
343.96,467.6
343.98,520.7
343.99,547.9
344.01,602.9
344.03,658.2
344.04,685.6
344.06,739.7
344.08,791.8
344.09,816.8
344.11,864.2
344.12,886.3
344.14,926.8
344.16,961.6
344.17,976.8
344.19,1002.0
344.21,1020.0
344.22,1026.0
344.24,1033.0
344.26,1032.0
344.27,1029.0
344.29,1017.0
344.31,997.7
344.32,985.7
344.34,957.0
344.36,922.9
344.37,904.0
344.39,863.1
344.41,818.8
344.42,795.7
344.44,748.0
344.46,699.1
344.47,674.5
344.49,625.5
344.5,601.2
344.52,553.5
344.54,507.5
344.55,485.3
344.57,442.8
344.59,402.9
344.6,384.1
344.62,348.7
344.64,316.5
344.65,301.6
344.67,274.2
344.69,249.9
344.7,238.9
344.72,219.1
344.74,202.1
344.75,194.6
344.77,181.5
344.79,170.8
344.8,166.2
344.82,158.8
344.83,155.8
344.85,151.2
344.87,148.4
344.88,147.7
344.9,147.4
344.92,148.8
344.93,150.1
344.95,154.0
344.97,159.5
344.98,162.9
345.0,171.0
345.02,181.0
345.03,186.7
345.05,199.6
345.07,214.6
345.08,222.9
345.1,241.2
345.12,261.5
345.13,272.5
345.15,296.1
345.17,321.6
345.18,335.0
345.2,363.0
345.21,377.4
345.23,407.2
345.25,437.6
345.26,452.9
345.28,483.4
345.3,513.1
345.31,527.5
345.33,555.1
345.35,580.4
345.36,592.0
345.38,612.9
345.4,630.1
345.41,637.2
345.43,648.2
345.45,654.7
345.46,656.1
345.48,655.4
345.5,649.9
345.51,645.5
345.53,633.2
345.55,616.8
345.56,607.2
345.58,585.5
345.59,573.6
345.61,548.0
345.63,520.7
345.64,506.7
345.66,478.4
345.68,450.4
345.69,436.9
345.71,411.1
345.73,387.8
345.74,377.4
345.76,359.4
345.78,346.0
345.79,341.2
345.81,335.9
345.83,337.0
345.84,340.0
345.86,351.6
345.88,370.8
345.89,383.3
345.91,414.6
345.93,454.3
345.94,477.3
345.96,529.6
345.97,558.9
345.99,623.6
346.01,696.0
346.02,734.9
346.04,817.8
346.06,906.5
346.07,952.8
346.09,1048.0
346.11,1147.0
346.12,1197.0
346.14,1297.0
346.16,1395.0
346.17,1444.0
346.19,1538.0
346.21,1627.0
346.22,1668.0
346.24,1746.0
346.26,1814.0
346.27,1844.0
346.29,1896.0
346.3,1917.0
346.32,1950.0
346.34,1970.0
346.35,1975.0
346.37,1975.0
346.39,1962.0
346.4,1951.0
346.42,1918.0
346.44,1875.0
346.45,1849.0
346.47,1789.0
346.49,1721.0
346.5,1684.0
346.52,1605.0
346.54,1521.0
346.55,1478.0
346.57,1388.0
346.59,1297.0
346.6,1251.0
346.62,1160.0
346.64,1069.0
346.65,1025.0
346.67,937.7
346.68,895.4
346.7,813.6
346.72,736.0
346.73,698.9
346.75,628.2
346.77,562.3
346.78,531.3
346.8,473.0
346.82,419.6
346.83,394.8
346.85,348.7
346.87,307.1
346.88,288.0
346.9,252.8
346.92,221.6
346.93,207.4
346.95,181.5
346.97,158.7
346.98,148.5
347.0,130.0
347.02,114.0
347.03,106.9
347.05,94.16
347.06,88.54
347.08,78.64
347.1,70.39
347.11,66.84
347.13,60.78
347.15,56.02
347.16,54.1
347.18,51.1
347.2,49.18
347.21,48.6
347.23,48.17
347.25,48.66
347.26,49.23
347.28,51.0
347.3,53.57
347.31,55.14
347.33,58.81
347.35,63.15
347.36,65.55
347.38,70.76
347.4,76.46
347.41,79.47
347.43,85.74
347.44,88.98
347.46,95.6
347.48,102.3
347.49,105.7
347.51,112.3
347.53,118.7
347.54,121.8
347.56,127.7
347.58,133.0
347.59,135.5
347.61,139.9
347.63,143.5
347.64,145.0
347.66,147.3
347.68,148.8
347.69,149.1
347.71,149.1
347.73,148.1
347.74,147.2
347.76,144.8
347.77,143.3
347.79,139.6
347.81,135.1
347.82,132.6
347.84,127.1
347.86,121.1
347.87,118.0
347.89,111.4
347.91,104.6
347.92,101.1
347.94,94.14
347.96,87.22
347.97,83.8
347.99,77.11
348.01,70.68
348.02,67.59
348.04,61.68
348.06,56.18
348.07,53.59
348.09,48.77
348.11,44.43
348.12,42.44
348.14,38.81
348.15,37.17
348.17,34.24
348.19,31.75
348.2,30.65
348.22,28.76
348.24,27.24
348.25,26.6
348.27,25.56
348.29,24.8
348.3,24.52
348.32,24.13
348.34,23.95
348.35,23.93
348.37,24.03
348.39,24.29
348.4,24.48
348.42,24.97
348.44,25.6
348.45,25.96
348.47,26.8
348.49,27.79
348.5,28.33
348.52,29.54
348.53,30.2
348.55,31.65
348.57,33.26
348.58,34.13
348.6,36.01
348.62,38.07
348.63,39.17
348.65,41.52
348.67,44.06
348.68,45.41
348.7,48.24
348.72,51.27
348.73,52.85
348.75,56.15
348.77,59.62
348.78,61.41
348.8,65.11
348.82,68.94
348.83,70.9
348.85,74.89
348.87,78.96
348.88,81.02
348.9,85.16
348.91,87.23
348.93,91.38
348.95,95.5
348.96,97.55
348.98,101.6
349.0,105.6
349.01,107.6
349.03,111.5
349.05,115.4
349.06,117.3
349.08,121.2
349.1,125.3
349.11,127.4
349.13,131.8
349.15,136.7
349.16,139.4
349.18,145.3
349.2,152.1
349.21,156.0
349.23,164.7
349.24,169.7
349.26,181.0
349.28,194.3
349.29,201.8
349.31,218.9
349.33,238.7
349.34,249.8
349.36,274.4
349.38,302.4
349.39,317.8
349.41,351.5
349.43,389.1
349.44,409.3
349.46,452.9
349.48,500.5
349.49,525.7
349.51,579.1
349.53,636.3
349.54,666.2
349.56,728.6
349.58,794.1
349.59,827.9
349.61,897.4
349.62,932.9
349.64,1005.0
349.66,1079.0
349.67,1117.0
349.69,1192.0
349.71,1266.0
349.72,1303.0
349.74,1376.0
349.76,1448.0
349.77,1482.0
349.79,1548.0
349.81,1610.0
349.82,1639.0
349.84,1693.0
349.86,1740.0
349.87,1761.0
349.89,1796.0
349.91,1822.0
349.92,1832.0
349.94,1843.0
349.96,1845.0
349.97,1841.0
349.99,1827.0
350.0,1815.0
350.02,1784.0
350.04,1743.0
350.05,1719.0
350.07,1663.0
350.09,1599.0
350.1,1564.0
350.12,1489.0
350.14,1408.0
350.15,1366.0
350.17,1280.0
350.19,1191.0
350.2,1147.0
350.22,1057.0
350.24,969.5
350.25,926.5
350.27,842.8
350.29,763.2
350.3,725.2
350.32,653.3
350.34,587.3
350.35,556.7
350.37,500.3
350.38,474.7
350.4,428.4
350.42,389.0
350.43,371.8
350.45,342.4
350.47,319.5
350.48,310.4
350.5,296.7
350.52,288.9
350.53,287.1
350.55,287.6
350.57,293.3
350.58,298.0
350.6,311.1
350.62,328.9
350.63,339.4
350.65,363.7
350.67,392.1
350.68,407.7
350.7,441.6
350.71,459.8
350.73,498.4
350.75,539.6
350.76,561.0
350.78,605.0
350.8,650.1
350.81,672.9
350.83,718.3
350.85,762.8
350.86,784.4
350.88,826.0
350.9,864.6
350.91,882.5
350.93,914.8
350.95,942.2
350.96,953.7
350.98,972.2
351.0,984.1
351.01,987.5
351.03,989.1
351.05,983.5
351.06,978.1
351.08,962.2
351.09,951.8
351.11,926.1
351.13,894.7
351.14,877.0
351.16,838.1
351.18,795.3
351.19,772.6
351.21,725.3
351.23,676.2
351.24,651.2
351.26,601.0
351.28,550.8
351.29,526.1
351.31,477.6
351.33,430.8
351.34,408.3
351.36,365.1
351.38,324.6
351.39,305.5
351.41,269.6
351.43,236.8
351.44,221.5
351.46,193.4
351.47,180.5
351.49,156.9
351.51,136.0
351.52,126.6
351.54,109.6
351.56,94.93
351.57,88.38
351.59,76.75
351.61,66.89
351.62,62.57
351.64,55.02
351.66,48.78
351.67,46.11
351.69,41.57
351.71,38.01
351.72,36.55
351.74,34.24
351.76,32.64
351.77,32.09
351.79,31.44
351.8,31.33
351.82,31.48
351.84,32.11
351.85,32.58
351.87,33.82
351.89,35.41
351.9,36.33
351.92,38.35
351.94,40.61
351.95,41.81
351.97,44.33
351.99,46.94
352.0,48.28
352.02,50.95
352.04,53.61
352.05,54.91
352.07,57.44
352.09,59.84
352.1,60.97
352.12,63.1
352.14,65.01
352.15,65.88
352.17,67.45
352.18,68.14
352.2,69.36
352.22,70.35
352.23,70.77
352.25,71.47
352.27,72.01
352.28,72.24
352.3,72.63
352.32,72.97
352.33,73.14
352.35,73.5
352.37,73.92
352.38,74.17
352.4,74.77
352.42,75.52
352.43,75.97
352.45,76.99
352.47,78.2
352.48,78.87
352.5,80.35
352.52,81.98
352.53,82.84
352.55,84.63
352.56,85.55
352.58,87.39
352.6,89.2
352.61,90.08
352.63,91.73
352.65,93.19
352.66,93.84
352.68,94.93
352.7,95.7
352.71,95.96
352.73,96.2
352.75,96.05
352.76,95.82
352.78,95.07
352.8,93.93
352.81,93.22
352.83,91.54
352.85,89.54
352.86,88.44
352.88,86.05
352.9,83.47
352.91,82.13
352.93,79.38
352.94,77.99
352.96,75.22
352.98,72.51
352.99,71.2
353.01,68.7
353.03,66.4
353.04,65.34
353.06,63.43
353.08,61.83
353.09,61.15
353.11,60.06
353.13,59.33
353.14,59.11
353.16,58.95
353.18,59.16
353.19,59.4
353.21,60.16
353.23,61.26
353.24,61.94
353.26,63.51
353.27,64.41
353.29,66.4
353.31,68.62
353.32,69.81
353.34,72.31
353.36,74.96
353.37,76.32
353.39,79.1
353.41,81.92
353.42,83.33
353.44,86.13
353.46,88.86
353.47,90.19
353.49,92.75
353.51,95.15
353.52,96.28
353.54,98.37
353.56,100.2
353.57,101.0
353.59,102.5
353.61,103.6
353.62,104.1
353.64,104.8
353.65,105.1
353.67,105.3
353.69,105.3
353.7,105.2
353.72,104.8
353.74,104.2
353.75,103.9
353.77,103.1
353.79,102.2
353.8,101.8
353.82,100.9
353.84,100.1
353.85,99.72
353.87,99.11
353.89,98.7
353.9,98.58
353.92,98.55
353.94,98.82
353.95,99.06
353.97,99.78
353.99,100.8
354.0,101.4
354.02,102.9
354.03,103.7
354.05,105.4
354.07,107.3
354.08,108.3
354.1,110.4
354.12,112.4
354.13,113.4
354.15,115.2
354.17,117.0
354.18,117.8
354.2,119.2
354.22,120.5
354.23,121.0
354.25,122.0
354.27,123.0
354.28,123.4
354.3,124.4
354.32,125.7
354.33,126.5
354.35,128.6
354.37,131.6
354.38,133.5
354.4,138.4
354.41,141.5
354.43,149.2
354.45,159.3
354.46,165.4
354.48,179.9
354.5,197.9
354.51,208.4
354.53,232.5
354.55,261.2
354.56,277.3
354.58,313.5
354.6,355.0
354.61,377.7
354.63,427.4
354.65,482.4
354.66,511.8
354.68,574.5
354.7,641.8
354.71,677.0
354.73,749.9
354.74,787.5
354.76,864.1
354.78,941.9
354.79,980.8
354.81,1058.0
354.83,1133.0
354.84,1169.0
354.86,1238.0
354.88,1302.0
354.89,1331.0
354.91,1384.0
354.93,1428.0
354.94,1446.0
354.96,1475.0
354.98,1493.0
354.99,1498.0
355.01,1499.0
355.03,1490.0
355.04,1481.0
355.06,1455.0
355.08,1419.0
355.09,1398.0
355.11,1349.0
355.12,1321.0
355.14,1262.0
355.16,1197.0
355.17,1163.0
355.19,1093.0
355.21,1021.0
355.22,984.4
355.24,912.0
355.26,840.9
355.27,806.2
355.29,738.9
355.31,675.3
355.32,645.1
355.34,587.9
355.36,535.6
355.37,511.3
355.39,466.5
355.41,426.6
355.42,408.5
355.44,375.8
355.46,347.5
355.47,334.9
355.49,312.4
355.5,302.5
355.52,285.0
355.54,270.2
355.55,263.7
355.57,252.2
355.59,242.3
355.6,238.0
355.62,230.0
355.64,223.0
355.65,219.7
355.67,213.6
355.69,207.7
355.7,204.9
355.72,199.3
355.74,193.8
355.75,191.0
355.77,185.4
355.79,179.7
355.8,176.8
355.82,170.9
355.84,165.0
355.85,161.9
355.87,155.9
355.88,152.8
355.9,146.6
355.92,140.4
355.93,137.4
355.95,131.2
355.97,125.2
355.98,122.3
356.0,116.6
356.02,111.1
356.03,108.5
356.05,103.6
356.07,99.18
356.08,97.19
356.1,93.74
356.12,91.07
356.13,90.08
356.15,88.87
356.17,88.81
356.18,89.28
356.2,91.29
356.21,92.88
356.23,97.38
356.25,103.8
356.26,107.8
356.28,117.5
356.3,129.7
356.31,136.9
356.33,153.4
356.35,173.1
356.36,184.2
356.38,209.3
356.4,238.3
356.41,254.5
356.43,290.1
356.45,330.6
356.46,352.8
356.48,401.1
356.5,454.9
356.51,484.0
356.53,546.6
356.55,615.3
356.56,651.9
356.58,729.6
356.59,770.7
356.61,857.2
356.63,949.2
356.64,997.0
356.66,1096.0
356.68,1199.0
356.69,1251.0
356.71,1358.0
356.73,1466.0
356.74,1520.0
356.76,1626.0
356.78,1730.0
356.79,1780.0
356.81,1877.0
356.83,1967.0
356.84,2009.0
356.86,2085.0
356.88,2151.0
356.89,2179.0
356.91,2226.0
356.93,2259.0
356.94,2270.0
356.96,2280.0
356.97,2280.0
356.99,2268.0
357.01,2242.0
357.02,2223.0
357.04,2175.0
357.06,2114.0
357.07,2078.0
357.09,2000.0
357.11,1911.0
357.12,1864.0
357.14,1764.0
357.16,1659.0
357.17,1605.0
357.19,1495.0
357.21,1383.0
357.22,1328.0
357.24,1217.0
357.26,1109.0
357.27,1057.0
357.29,954.9
357.31,858.1
357.32,811.9
357.34,723.9
357.35,682.4
357.37,604.3
357.39,533.0
357.4,499.9
357.42,438.7
357.44,384.1
357.45,359.3
357.47,314.1
357.49,274.8
357.5,257.2
357.52,225.9
357.54,199.6
357.55,188.2
357.57,168.5
357.59,152.9
357.6,146.6
357.62,136.6
357.64,130.1
357.65,128.1
357.67,126.5
357.68,126.9
357.7,130.1
357.72,136.5
357.73,140.9
357.75,152.2
357.77,166.8
357.78,175.4
357.8,195.2
357.82,218.5
357.83,231.5
357.85,260.3
357.87,292.8
357.88,310.4
357.9,348.4
357.92,390.0
357.93,412.1
357.95,458.8
357.97,508.6
357.98,534.6
358.0,588.5
358.02,644.8
358.03,673.7
358.05,732.7
358.06,762.7
358.08,823.5
358.1,884.9
358.11,915.7
358.13,977.2
358.15,1038.0
358.16,1068.0
358.18,1128.0
358.2,1186.0
358.21,1214.0
358.23,1269.0
358.25,1322.0
358.26,1347.0
358.28,1396.0
358.3,1442.0
358.31,1463.0
358.33,1503.0
358.35,1539.0
358.36,1556.0
358.38,1585.0
358.4,1610.0
358.41,1620.0
358.43,1637.0
358.44,1643.0
358.46,1650.0
358.48,1651.0
358.49,1649.0
358.51,1640.0
358.53,1624.0
358.54,1613.0
358.56,1586.0
358.58,1553.0
358.59,1533.0
358.61,1490.0
358.63,1440.0
358.64,1413.0
358.66,1355.0
358.68,1292.0
358.69,1260.0
358.71,1192.0
358.73,1122.0
358.74,1086.0
358.76,1013.0
358.78,940.6
358.79,904.4
358.81,832.8
358.82,797.7
358.84,729.0
358.86,663.0
358.87,631.2
358.89,570.4
358.91,513.3
358.92,486.4
358.94,435.7
358.96,389.4
358.97,367.9
358.99,328.3
359.01,293.0
359.02,276.9
359.04,247.9
359.06,222.7
359.07,211.5
359.09,191.6
359.11,174.9
359.12,167.7
359.14,155.2
359.15,149.9
359.17,141.0
359.19,134.0
359.2,131.2
359.22,126.6
359.24,123.4
359.25,122.2
359.27,120.6
359.29,119.8
359.3,119.6
359.32,119.9
359.34,120.8
359.35,121.5
359.37,123.3
359.39,126.0
359.4,127.7
359.42,131.9
359.44,137.6
359.45,141.1
359.47,149.7
359.49,160.9
359.5,167.7
359.52,184.3
359.53,194.3
359.55,218.2
359.57,248.3
359.58,266.1
359.6,307.9
359.62,359.2
359.63,388.9
359.65,457.3
359.67,539.3
359.68,585.8
359.7,691.0
359.72,813.7
359.73,882.1
359.75,1034.0
359.77,1207.0
359.78,1301.0
359.8,1507.0
359.82,1735.0
359.83,1858.0
359.85,2119.0
359.87,2402.0
359.88,2551.0
359.9,2862.0
359.91,3024.0
359.93,3358.0
359.95,3703.0
359.96,3878.0
359.98,4230.0
360.0,4582.0
360.01,4755.0
360.03,5095.0
360.05,5419.0
360.06,5574.0
360.08,5865.0
360.1,6126.0
360.11,6244.0
360.13,6452.0
360.15,6618.0
360.16,6685.0
360.18,6783.0
360.2,6834.0
360.21,6840.0
360.23,6817.0
360.25,6745.0
360.26,6691.0
360.28,6550.0
360.29,6463.0
360.31,6260.0
360.33,6021.0
360.34,5889.0
360.36,5605.0
360.38,5299.0
360.39,5139.0
360.41,4810.0
360.43,4473.0
360.44,4303.0
360.46,3965.0
360.48,3632.0
360.49,3469.0
360.51,3154.0
360.53,2854.0
360.54,2712.0
360.56,2443.0
360.58,2197.0
360.59,2084.0
360.61,1876.0
360.62,1782.0
360.64,1614.0
360.66,1474.0
360.67,1414.0
360.69,1314.0
360.71,1240.0
360.72,1213.0
360.74,1177.0
360.76,1165.0
360.77,1168.0
360.79,1190.0
360.81,1233.0
360.82,1262.0
360.84,1333.0
360.86,1421.0
360.87,1471.0
360.89,1580.0
360.91,1701.0
360.92,1765.0
360.94,1899.0
360.96,2039.0
360.97,2111.0
360.99,2254.0
361.0,2326.0
361.02,2467.0
361.04,2602.0
361.05,2667.0
361.07,2789.0
361.09,2900.0
361.1,2949.0
361.12,3037.0
361.14,3107.0
361.15,3135.0
361.17,3175.0
361.19,3196.0
361.2,3198.0
361.22,3186.0
361.24,3154.0
361.25,3131.0
361.27,3069.0
361.29,2990.0
361.3,2945.0
361.32,2843.0
361.34,2730.0
361.35,2669.0
361.37,2542.0
361.38,2476.0
361.4,2342.0
361.42,2206.0
361.43,2138.0
361.45,2005.0
361.47,1877.0
361.48,1815.0
361.5,1696.0
361.52,1586.0
361.53,1534.0
361.55,1439.0
361.57,1353.0
361.58,1314.0
361.6,1244.0
361.62,1184.0
361.63,1158.0
361.65,1111.0
361.67,1073.0
361.68,1056.0
361.7,1028.0
361.71,1015.0
361.73,994.7
361.75,977.6
361.76,970.2
361.78,956.8
361.8,944.7
361.81,938.9
361.83,927.3
361.85,915.2
361.86,908.9
361.88,895.3
361.9,880.3
361.91,872.3
361.93,854.9
361.95,835.9
361.96,825.7
361.98,804.3
362.0,781.5
362.01,769.6
362.03,745.0
362.05,719.5
362.06,706.4
362.08,679.8
362.09,666.4
362.11,639.3
362.13,612.1
362.14,598.5
362.16,571.4
362.18,544.7
362.19,531.4
362.21,505.4
362.23,480.1
362.24,467.7
362.26,443.5
362.28,420.3
362.29,409.1
362.31,387.6
362.33,367.3
362.34,357.6
362.36,339.5
362.38,322.9
362.39,315.3
362.41,301.4
362.43,289.6
362.44,284.4
362.46,275.9
362.47,272.5
362.49,267.7
362.51,265.6
362.52,265.6
362.54,267.8
362.56,273.2
362.57,277.1
362.59,287.4
362.61,301.1
362.62,309.2
362.64,328.3
362.66,350.9
362.67,363.6
362.69,391.7
362.71,423.5
362.72,440.8
362.74,478.1
362.76,519.1
362.77,540.9
362.79,587.3
362.81,637.4
362.82,663.8
362.84,719.4
362.85,748.6
362.87,809.8
362.89,875.1
362.9,909.2
362.92,980.6
362.94,1056.0
362.95,1096.0
362.97,1178.0
362.99,1266.0
363.0,1311.0
363.02,1406.0
363.04,1505.0
363.05,1556.0
363.07,1662.0
363.09,1772.0
363.1,1829.0
363.12,1944.0
363.14,2061.0
363.15,2120.0
363.17,2238.0
363.18,2296.0
363.2,2412.0
363.22,2524.0
363.23,2577.0
363.25,2680.0
363.27,2774.0
363.28,2818.0
363.3,2896.0
363.32,2960.0
363.33,2987.0
363.35,3029.0
363.37,3054.0
363.38,3059.0
363.4,3057.0
363.42,3037.0
363.43,3019.0
363.45,2971.0
363.47,2905.0
363.48,2866.0
363.5,2775.0
363.52,2669.0
363.53,2612.0
363.55,2488.0
363.56,2422.0
363.58,2284.0
363.6,2140.0
363.61,2066.0
363.63,1916.0
363.65,1766.0
363.66,1691.0
363.68,1544.0
363.7,1400.0
363.71,1330.0
363.73,1196.0
363.75,1068.0
363.76,1008.0
363.78,893.3
363.8,788.0
363.81,738.9
363.83,647.9
363.85,566.2
363.86,528.9
363.88,461.0
363.9,401.7
363.91,375.1
363.93,327.8
363.94,306.8
363.96,270.1
363.98,239.5
363.99,226.4
364.01,204.0
364.03,186.3
364.04,179.1
364.06,167.4
364.08,159.1
364.09,156.1
364.11,152.0
364.13,150.3
364.14,150.2
364.16,151.4
364.18,154.3
364.19,156.2
364.21,161.1
364.23,167.1
364.24,170.4
364.26,177.7
364.28,185.7
364.29,190.0
364.31,198.8
364.32,203.4
364.34,212.8
364.36,222.4
364.37,227.2
364.39,236.9
364.41,246.6
364.42,251.4
364.44,260.8
364.46,269.9
364.47,274.3
364.49,282.8
364.51,290.9
364.52,294.7
364.54,302.0
364.56,308.7
364.57,311.8
364.59,317.5
364.61,322.6
364.62,324.9
364.64,329.1
364.65,330.9
364.67,334.0
364.69,336.4
364.7,337.4
364.72,338.7
364.74,339.4
364.75,339.5
364.77,339.1
364.79,337.9
364.8,337.1
364.82,334.8
364.84,331.8
364.85,330.0
364.87,325.8
364.89,320.8
364.9,318.0
364.92,312.0
364.94,305.2
364.95,301.5
364.97,293.8
364.99,285.5
365.0,281.1
365.02,272.1
365.03,267.5
365.05,258.0
365.07,248.3
365.08,243.4
365.1,233.6
365.12,224.0
365.13,219.2
365.15,209.9
365.17,201.1
365.18,196.8
365.2,188.9
365.22,181.7
365.23,178.4
365.25,172.6
365.27,168.0
365.28,166.2
365.3,163.8
365.32,163.1
365.33,163.4
365.35,165.8
365.37,170.6
365.38,174.0
365.4,183.0
365.41,188.8
365.43,203.0
365.45,221.2
365.46,231.9
365.48,256.9
365.5,287.0
365.51,304.1
365.53,342.5
365.55,387.0
365.56,411.6
365.58,465.7
365.6,526.3
365.61,559.0
365.63,629.4
365.65,706.0
365.66,746.5
365.68,831.7
365.7,921.8
365.71,968.4
365.73,1064.0
365.75,1162.0
365.76,1212.0
365.78,1311.0
365.79,1360.0
365.81,1456.0
365.83,1549.0
365.84,1594.0
365.86,1679.0
365.88,1756.0
365.89,1791.0
365.91,1855.0
365.93,1907.0
365.94,1930.0
365.96,1965.0
365.98,1988.0
365.99,1994.0
366.01,1999.0
366.03,1991.0
366.04,1983.0
366.06,1959.0
366.08,1924.0
366.09,1904.0
366.11,1858.0
366.12,1832.0
366.14,1778.0
366.16,1719.0
366.17,1689.0
366.19,1629.0
366.21,1569.0
366.22,1540.0
366.24,1484.0
366.26,1432.0
366.27,1407.0
366.29,1362.0
366.31,1323.0
366.32,1306.0
366.34,1275.0
366.36,1250.0
366.37,1239.0
366.39,1222.0
366.41,1208.0
366.42,1203.0
366.44,1194.0
366.46,1186.0
366.47,1183.0
366.49,1175.0
366.5,1171.0
366.52,1162.0
366.54,1150.0
366.55,1143.0
366.57,1126.0
366.59,1105.0
366.6,1093.0
366.62,1066.0
366.64,1033.0
366.65,1016.0
366.67,976.7
366.69,933.9
366.7,911.2
366.72,863.4
366.74,813.2
366.75,787.3
366.77,734.6
366.79,681.1
366.8,654.3
366.82,601.1
366.84,549.0
366.85,523.5
366.87,474.0
366.88,450.1
366.9,404.5
366.92,361.8
366.93,341.8
366.95,304.2
366.97,270.4
366.98,254.8
367.0,226.6
367.02,202.3
367.03,191.6
367.05,173.1
367.07,158.6
367.08,152.8
367.1,144.1
367.12,139.5
367.13,138.7
367.15,140.1
367.17,145.8
367.18,150.2
367.2,162.5
367.22,179.4
367.23,189.6
367.25,213.8
367.26,227.8
367.28,259.7
367.3,297.1
367.31,317.8
367.33,363.4
367.35,414.6
367.36,442.2
367.38,501.6
367.4,566.1
367.41,600.1
367.43,671.5
367.45,746.8
367.46,785.7
367.48,865.4
367.5,946.7
367.51,987.7
367.53,1069.0
367.55,1150.0
367.56,1189.0
367.58,1266.0
367.59,1302.0
367.61,1371.0
367.63,1433.0
367.64,1461.0
367.66,1511.0
367.68,1551.0
367.69,1567.0
367.71,1592.0
367.73,1606.0
367.74,1608.0
367.76,1605.0
367.78,1590.0
367.79,1578.0
367.81,1547.0
367.83,1506.0
367.84,1482.0
367.86,1427.0
367.88,1365.0
367.89,1332.0
367.91,1261.0
367.93,1185.0
367.94,1147.0
367.96,1068.0
367.97,1028.0
367.99,947.5
368.01,868.2
368.02,829.2
368.04,753.0
368.06,680.0
368.07,644.9
368.09,577.8
368.11,515.3
368.12,485.9
368.14,430.8
368.16,380.8
368.17,357.7
368.19,315.3
368.21,277.8
368.22,260.8
368.24,230.1
368.26,203.8
368.27,192.1
368.29,171.5
368.31,154.3
368.32,146.9
368.34,134.3
368.35,129.0
368.37,120.2
368.39,113.6
368.4,111.1
368.42,107.4
368.44,105.4
368.45,105.0
368.47,105.3
368.49,107.0
368.5,108.4
368.52,112.2
368.54,117.3
368.55,120.4
368.57,127.9
368.59,137.0
368.6,142.3
368.62,154.6
368.64,169.5
368.65,178.0
368.67,197.8
368.69,221.9
368.7,235.8
368.72,268.2
368.73,286.9
368.75,330.7
368.77,384.2
368.78,415.3
368.8,487.8
368.82,576.2
368.83,627.3
368.85,745.8
368.87,889.1
368.88,971.4
368.9,1160.0
368.92,1385.0
368.93,1513.0
368.95,1803.0
368.97,2143.0
368.98,2334.0
369.0,2760.0
369.02,3250.0
369.03,3521.0
369.05,4117.0
369.06,4444.0
369.08,5155.0
369.1,5946.0
369.11,6373.0
369.13,7286.0
369.15,8279.0
369.16,8804.0
369.18,9908.0
369.2,11080.0
369.21,11690.0
369.23,12940.0
369.25,14230.0
369.26,14880.0
369.28,16200.0
369.3,17510.0
369.31,18160.0
369.33,19430.0
369.35,20650.0
369.36,21230.0
369.38,22320.0
369.4,23310.0
369.41,23760.0
369.43,24550.0
369.44,24890.0
369.46,25440.0
369.48,25830.0
369.49,25960.0
369.51,26070.0
369.53,26010.0
369.54,25910.0
369.56,25570.0
369.58,25060.0
369.59,24740.0
369.61,24000.0
369.63,23110.0
369.64,22620.0
369.66,21560.0
369.68,20410.0
369.69,19800.0
369.71,18560.0
369.73,17280.0
369.74,16630.0
369.76,15330.0
369.78,14050.0
369.79,13420.0
369.81,12190.0
369.82,11600.0
369.84,10450.0
369.86,9380.0
369.87,8873.0
369.89,7919.0
369.91,7050.0
369.92,6648.0
369.94,5910.0
369.96,5257.0
369.97,4962.0
369.99,4432.0
370.01,3979.0
370.02,3779.0
370.04,3429.0
370.06,3140.0
370.07,3016.0
370.09,2807.0
370.11,2641.0
370.12,2573.0
370.14,2462.0
370.16,2380.0
370.17,2348.0
370.19,2299.0
370.2,2281.0
370.22,2256.0
370.24,2241.0
370.25,2237.0
370.27,2234.0
370.29,2234.0
370.3,2236.0
370.32,2240.0
370.34,2246.0
370.35,2249.0
370.37,2256.0
370.39,2264.0
370.4,2268.0
370.42,2277.0
370.44,2288.0
370.45,2295.0
370.47,2311.0
370.49,2332.0
370.5,2345.0
370.52,2376.0
370.53,2394.0
370.55,2438.0
370.57,2493.0
370.58,2525.0
370.6,2599.0
370.62,2689.0
370.63,2740.0
370.65,2855.0
370.67,2989.0
370.68,3063.0
370.7,3228.0
370.72,3414.0
370.73,3516.0
370.75,3735.0
370.77,3975.0
370.78,4103.0
370.8,4374.0
370.82,4664.0
370.83,4814.0
370.85,5126.0
370.87,5448.0
370.88,5612.0
370.9,5942.0
370.91,6107.0
370.93,6434.0
370.95,6750.0
370.96,6903.0
370.98,7194.0
371.0,7460.0
371.01,7582.0
371.03,7799.0
371.05,7978.0
371.06,8051.0
371.08,8163.0
371.1,8226.0
371.11,8238.0
371.13,8223.0
371.15,8155.0
371.16,8102.0
371.18,7956.0
371.2,7761.0
371.21,7646.0
371.23,7383.0
371.25,7081.0
371.26,6917.0
371.28,6566.0
371.29,6381.0
371.31,5995.0
371.33,5593.0
371.34,5389.0
371.36,4977.0
371.38,4565.0
371.39,4361.0
371.41,3959.0
371.43,3572.0
371.44,3384.0
371.46,3023.0
371.48,2685.0
371.49,2524.0
371.51,2223.0
371.53,1947.0
371.54,1819.0
371.56,1584.0
371.58,1375.0
371.59,1281.0
371.61,1110.0
371.63,962.9
371.64,897.8
371.66,783.5
371.67,733.8
371.69,648.2
371.71,579.2
371.72,550.4
371.74,502.9
371.76,467.5
371.77,453.8
371.79,433.3
371.81,420.7
371.82,416.9
371.84,413.5
371.86,414.8
371.87,416.9
371.89,423.1
371.91,431.4
371.92,436.2
371.94,446.3
371.96,456.9
371.97,462.2
371.99,472.5
372.0,477.4
372.02,486.7
372.04,495.0
372.05,498.8
372.07,505.4
372.09,511.0
372.1,513.4
372.12,517.3
372.14,520.4
372.15,521.7
372.17,523.7
372.19,525.3
372.2,526.0
372.22,527.4
372.24,528.9
372.25,529.7
372.27,531.6
372.29,534.1
372.3,535.5
372.32,538.9
372.34,543.0
372.35,545.2
372.37,550.2
372.38,552.8
372.4,558.5
372.42,564.3
372.43,567.2
372.45,573.0
372.47,578.3
372.48,580.8
372.5,585.0
372.52,588.1
372.53,589.1
372.55,590.1
372.57,589.3
372.58,588.2
372.6,584.5
372.62,578.6
372.63,574.9
372.65,565.7
372.67,554.5
372.68,548.0
372.7,533.7
372.72,517.5
372.73,508.8
372.75,490.2
372.76,480.5
372.78,460.1
372.8,439.0
372.81,428.3
372.83,406.7
372.85,385.1
372.86,374.4
372.88,353.6
372.9,333.7
372.91,324.2
372.93,306.3
372.95,290.3
372.96,283.1
372.98,270.4
373.0,260.3
373.01,256.3
373.03,250.8
373.05,248.8
373.06,249.2
373.08,253.1
373.09,256.6
373.11,267.1
373.13,282.6
373.14,292.3
373.16,315.8
373.18,345.2
373.19,362.3
373.21,401.2
373.23,446.9
373.24,472.4
373.26,528.9
373.28,592.9
373.29,627.7
373.31,703.2
373.33,786.4
373.34,830.9
373.36,925.6
373.38,1028.0
373.39,1081.0
373.41,1193.0
373.43,1312.0
373.44,1373.0
373.46,1498.0
373.47,1562.0
373.49,1692.0
373.51,1824.0
373.52,1890.0
373.54,2021.0
373.56,2150.0
373.57,2213.0
373.59,2335.0
373.61,2450.0
373.62,2504.0
373.64,2605.0
373.66,2694.0
373.67,2734.0
373.69,2803.0
373.71,2857.0
373.72,2879.0
373.74,2908.0
373.76,2921.0
373.77,2921.0
373.79,2907.0
373.81,2876.0
373.82,2854.0
373.84,2798.0
373.85,2764.0
373.87,2686.0
373.89,2594.0
373.9,2543.0
373.92,2434.0
373.94,2316.0
373.95,2255.0
373.97,2127.0
373.99,1996.0
374.0,1929.0
374.02,1796.0
374.04,1663.0
374.05,1598.0
374.07,1470.0
374.09,1347.0
374.1,1288.0
374.12,1175.0
374.14,1069.0
374.15,1020.0
374.17,927.2
374.19,843.6
374.2,805.3
374.22,735.5
374.23,704.0
374.25,647.8
374.27,600.3
374.28,579.7
374.3,544.6
374.32,517.2
374.33,506.2
374.35,489.2
374.37,478.5
374.38,475.3
374.4,473.0
374.42,475.6
374.43,478.6
374.45,487.7
374.47,500.6
374.48,508.3
374.5,525.9
374.52,546.3
374.53,557.4
374.55,581.2
374.56,593.8
374.58,620.2
374.6,648.0
374.61,662.3
374.63,691.5
374.65,721.2
374.66,736.2
374.68,766.0
374.7,795.5
374.71,810.0
374.73,838.2
374.75,865.1
374.76,878.0
374.78,902.2
374.8,924.1
374.81,934.1
374.83,952.0
374.85,966.7
374.86,972.8
374.88,982.2
374.9,987.8
374.91,989.1
374.93,988.7
374.94,986.9
374.96,980.3
374.98,969.4
374.99,962.4
375.01,945.5
375.03,924.7
375.04,912.9
375.06,886.7
375.08,857.4
375.09,841.6
375.11,808.3
375.13,772.7
375.14,754.3
375.16,716.4
375.18,677.5
375.19,657.8
375.21,618.4
375.23,579.1
375.24,559.7
375.26,521.6
375.28,484.8
375.29,467.0
375.31,432.9
375.32,416.6
375.34,386.0
375.36,358.0
375.37,345.1
375.39,321.6
375.41,301.4
375.42,292.6
375.44,277.7
375.46,266.5
375.47,262.4
375.49,257.1
375.51,256.0
375.52,256.9
375.54,262.2
375.56,271.8
375.57,278.3
375.59,294.8
375.61,316.0
375.62,328.4
375.64,356.7
375.66,390.0
375.67,408.5
375.69,449.3
375.7,471.5
375.72,519.8
375.74,573.0
375.75,601.5
375.77,662.1
375.79,727.4
375.8,761.7
375.82,833.7
375.84,909.8
375.85,949.3
375.87,1031.0
375.89,1115.0
375.9,1159.0
375.92,1247.0
375.94,1336.0
375.95,1381.0
375.97,1472.0
375.99,1561.0
376.0,1605.0
376.02,1692.0
376.03,1734.0
376.05,1816.0
376.07,1892.0
376.08,1929.0
376.1,1996.0
376.12,2056.0
376.13,2083.0
376.15,2131.0
376.17,2168.0
376.18,2183.0
376.2,2205.0
376.22,2216.0
376.23,2217.0
376.25,2211.0
376.27,2194.0
376.28,2181.0
376.3,2147.0
376.32,2103.0
376.33,2077.0
376.35,2019.0
376.37,1952.0
376.38,1916.0
376.4,1839.0
376.41,1798.0
376.43,1713.0
376.45,1625.0
376.46,1579.0
376.48,1488.0
376.5,1395.0
376.51,1349.0
376.53,1258.0
376.55,1168.0
376.56,1124.0
376.58,1039.0
376.6,958.2
376.61,919.2
376.63,844.7
376.65,775.1
376.66,742.2
376.68,680.4
376.7,624.1
376.71,597.9
376.73,549.9
376.75,507.4
376.76,488.3
376.78,454.4
376.79,439.6
376.81,414.3
376.83,395.1
376.84,387.8
376.86,378.1
376.88,375.2
376.89,376.5
376.91,384.9
376.93,401.7
376.94,413.4
376.96,444.0
376.98,485.1
376.99,509.8
377.01,568.2
377.03,639.5
377.04,680.2
377.06,772.4
377.08,879.7
377.09,939.2
377.11,1070.0
377.13,1218.0
377.14,1298.0
377.16,1470.0
377.17,1562.0
377.19,1758.0
377.21,1969.0
377.22,2079.0
377.24,2310.0
377.26,2550.0
377.27,2674.0
377.29,2926.0
377.31,3181.0
377.32,3309.0
377.34,3563.0
377.36,3811.0
377.37,3932.0
377.39,4165.0
377.41,4383.0
377.42,4484.0
377.44,4672.0
377.46,4835.0
377.47,4906.0
377.49,5027.0
377.5,5076.0
377.52,5149.0
377.54,5189.0
377.55,5196.0
377.57,5184.0
377.59,5139.0
377.6,5104.0
377.62,5010.0
377.64,4885.0
377.65,4812.0
377.67,4647.0
377.69,4459.0
377.7,4357.0
377.72,4141.0
377.74,3910.0
377.75,3791.0
377.77,3546.0
377.79,3296.0
377.8,3170.0
377.82,2919.0
377.84,2672.0
377.85,2550.0
377.87,2313.0
377.88,2197.0
377.9,1975.0
377.92,1764.0
377.93,1664.0
377.95,1473.0
377.97,1297.0
377.98,1215.0
378.0,1060.0
378.02,920.5
378.03,856.0
378.05,737.3
378.07,631.9
378.08,584.0
378.1,497.2
378.12,421.8
378.13,388.1
378.15,328.2
378.17,277.5
378.18,255.4
378.2,217.3
378.22,186.5
378.23,173.8
378.25,153.1
378.26,145.1
378.28,133.6
378.3,127.8
378.31,127.0
378.33,129.4
378.35,137.4
378.36,143.5
378.38,159.9
378.4,182.2
378.41,195.7
378.43,227.4
378.45,265.8
378.46,287.6
378.48,336.8
378.5,393.7
378.51,425.0
378.53,493.9
378.55,571.1
378.56,612.9
378.58,702.7
378.6,800.8
378.61,852.9
378.63,962.7
378.64,1020.0
378.66,1141.0
378.68,1267.0
378.69,1332.0
378.71,1464.0
378.73,1599.0
378.74,1667.0
378.76,1802.0
378.78,1935.0
378.79,2000.0
378.81,2127.0
378.83,2246.0
378.84,2302.0
378.86,2407.0
378.88,2499.0
378.89,2540.0
378.91,2612.0
378.93,2667.0
378.94,2689.0
378.96,2719.0
378.97,2727.0
378.99,2731.0
379.01,2717.0
379.02,2704.0
379.04,2665.0
379.06,2611.0
379.07,2579.0
379.09,2504.0
379.11,2418.0
379.12,2372.0
379.14,2273.0
379.16,2168.0
379.17,2114.0
379.19,2005.0
379.21,1895.0
379.22,1841.0
379.24,1734.0
379.26,1633.0
379.27,1584.0
379.29,1492.0
379.31,1408.0
379.32,1369.0
379.34,1299.0
379.35,1268.0
379.37,1212.0
379.39,1166.0
379.4,1147.0
379.42,1115.0
379.44,1092.0
379.45,1083.0
379.47,1071.0
379.49,1065.0
379.5,1064.0
379.52,1065.0
379.54,1069.0
379.55,1072.0
379.57,1078.0
379.59,1084.0
379.6,1087.0
379.62,1091.0
379.64,1092.0
379.65,1091.0
379.67,1087.0
379.69,1079.0
379.7,1073.0
379.72,1058.0
379.73,1049.0
379.75,1026.0
379.77,999.5
379.78,984.3
379.8,950.8
379.82,913.6
379.83,893.7
379.85,851.7
379.87,807.4
379.88,784.5
379.9,737.8
379.92,690.2
379.93,666.3
379.95,618.6
379.97,571.5
379.98,548.4
380.0,503.2
380.02,459.7
380.03,438.8
380.05,398.5
380.07,360.6
380.08,342.7
380.1,308.7
380.11,292.8
380.13,262.9
380.15,235.8
380.16,223.2
380.18,200.0
380.2,179.4
380.21,170.0
380.23,152.9
380.25,138.1
380.26,131.4
380.28,119.6
380.3,109.6
380.31,105.3
380.33,97.78
380.35,91.71
380.36,89.17
380.38,84.99
380.4,81.91
380.41,80.73
380.43,79.03
380.44,78.47
380.46,77.86
380.48,77.84
380.49,78.01
380.51,78.65
380.53,79.6
380.54,80.16
380.56,81.39
380.58,82.7
380.59,83.36
380.61,84.64
380.63,85.8
380.64,86.32
380.66,87.21
380.68,87.86
380.69,88.08
380.71,88.3
380.73,88.2
380.74,88.04
380.76,87.46
380.78,86.58
380.79,86.02
380.81,84.7
380.82,83.95
380.84,82.27
380.86,80.42
380.87,79.44
380.89,77.41
380.91,75.34
380.92,74.32
380.94,72.33
380.96,70.49
380.97,69.65
380.99,68.18
381.01,67.05
381.02,66.64
381.04,66.19
381.06,66.3
381.07,66.6
381.09,67.71
381.11,69.6
381.12,70.86
381.14,74.09
381.16,78.31
381.17,80.83
381.19,86.74
381.2,90.16
381.22,97.98
381.24,107.2
381.25,112.4
381.27,123.9
381.29,137.1
381.3,144.3
381.32,160.3
381.34,178.3
381.35,188.1
381.37,209.4
381.39,233.1
381.4,245.9
381.42,273.6
381.44,304.1
381.45,320.5
381.47,355.8
381.49,394.6
381.5,415.3
381.52,459.6
381.53,483.2
381.55,533.7
381.57,588.4
381.58,617.5
381.6,679.1
381.62,745.4
381.63,780.3
381.65,853.8
381.67,932.1
381.68,973.0
381.7,1058.0
381.72,1147.0
381.73,1194.0
381.75,1288.0
381.77,1386.0
381.78,1436.0
381.8,1536.0
381.82,1638.0
381.83,1688.0
381.85,1788.0
381.87,1886.0
381.88,1934.0
381.9,2025.0
381.91,2069.0
381.93,2152.0
381.95,2227.0
381.96,2261.0
381.98,2321.0
382.0,2371.0
382.01,2391.0
382.03,2423.0
382.05,2442.0
382.06,2446.0
382.08,2444.0
382.1,2429.0
382.11,2417.0
382.13,2382.0
382.15,2335.0
382.16,2307.0
382.18,2243.0
382.2,2170.0
382.21,2130.0
382.23,2044.0
382.25,1953.0
382.26,1905.0
382.28,1808.0
382.29,1759.0
382.31,1659.0
382.33,1561.0
382.34,1512.0
382.36,1417.0
382.38,1327.0
382.39,1284.0
382.41,1202.0
382.43,1127.0
382.44,1092.0
382.46,1029.0
382.48,974.2
382.49,950.2
382.51,908.9
382.53,876.7
382.54,864.0
382.56,845.5
382.58,835.9
382.59,834.5
382.61,838.1
382.63,850.2
382.64,859.4
382.66,883.8
382.67,899.1
382.69,935.3
382.71,979.3
382.72,1004.0
382.74,1059.0
382.76,1122.0
382.77,1155.0
382.79,1229.0
382.81,1309.0
382.82,1352.0
382.84,1443.0
382.86,1540.0
382.87,1592.0
382.89,1699.0
382.91,1813.0
382.92,1873.0
382.94,1996.0
382.96,2124.0
382.97,2190.0
382.99,2325.0
383.0,2394.0
383.02,2534.0
383.04,2676.0
383.05,2748.0
383.07,2890.0
383.09,3032.0
383.1,3102.0
383.12,3239.0
383.14,3372.0
383.15,3435.0
383.17,3557.0
383.19,3669.0
383.2,3722.0
383.22,3818.0
383.24,3901.0
383.25,3938.0
383.27,4001.0
383.29,4048.0
383.3,4066.0
383.32,4090.0
383.34,4100.0
383.35,4098.0
383.37,4085.0
383.38,4074.0
383.4,4041.0
383.42,3997.0
383.43,3971.0
383.45,3913.0
383.47,3849.0
383.48,3816.0
383.5,3746.0
383.52,3677.0
383.53,3642.0
383.55,3576.0
383.57,3514.0
383.58,3486.0
383.6,3435.0
383.62,3394.0
383.63,3376.0
383.65,3349.0
383.67,3333.0
383.68,3328.0
383.7,3326.0
383.72,3333.0
383.73,3339.0
383.75,3356.0
383.76,3367.0
383.78,3391.0
383.8,3416.0
383.81,3428.0
383.83,3452.0
383.85,3470.0
383.86,3477.0
383.88,3486.0
383.9,3484.0
383.91,3479.0
383.93,3460.0
383.95,3427.0
383.96,3406.0
383.98,3352.0
384.0,3283.0
384.01,3243.0
384.03,3153.0
384.05,3050.0
384.06,2994.0
384.08,2873.0
384.1,2742.0
384.11,2674.0
384.13,2532.0
384.14,2459.0
384.16,2310.0
384.18,2160.0
384.19,2085.0
384.21,1936.0
384.23,1790.0
384.24,1718.0
384.26,1581.0
384.28,1451.0
384.29,1389.0
384.31,1273.0
384.33,1167.0
384.34,1119.0
384.36,1032.0
384.38,957.5
384.39,925.3
384.41,871.1
384.43,830.8
384.44,815.9
384.46,796.5
384.47,792.1
384.49,793.4
384.51,808.3
384.52,820.6
384.54,854.8
384.56,901.0
384.57,928.5
384.59,991.3
384.61,1064.0
384.62,1104.0
384.64,1189.0
384.66,1281.0
384.67,1329.0
384.69,1428.0
384.71,1529.0
384.72,1580.0
384.74,1683.0
384.76,1783.0
384.77,1832.0
384.79,1927.0
384.81,2015.0
384.82,2056.0
384.84,2131.0
384.85,2165.0
384.87,2225.0
384.89,2272.0
384.9,2291.0
384.92,2318.0
384.94,2331.0
384.95,2333.0
384.97,2325.0
384.99,2303.0
385.0,2286.0
385.02,2244.0
385.04,2189.0
385.05,2158.0
385.07,2086.0
385.09,2006.0
385.1,1962.0
385.12,1870.0
385.14,1772.0
385.15,1722.0
385.17,1619.0
385.19,1515.0
385.2,1462.0
385.22,1358.0
385.23,1307.0
385.25,1206.0
385.27,1109.0
385.28,1063.0
385.3,972.7
385.32,888.5
385.33,848.7
385.35,773.9
385.37,705.7
385.38,674.2
385.4,616.0
385.42,564.4
385.43,541.0
385.45,498.9
385.47,462.7
385.48,446.7
385.5,418.5
385.52,395.1
385.53,385.1
385.55,368.0
385.57,354.5
385.58,348.9
385.6,339.8
385.61,336.2
385.63,330.6
385.65,326.7
385.66,325.4
385.68,323.6
385.7,322.8
385.71,322.7
385.73,322.9
385.75,323.6
385.76,324.1
385.78,325.3
385.8,326.6
385.81,327.3
385.83,328.7
385.85,330.2
385.86,330.9
385.88,332.4
385.9,333.9
385.91,334.7
385.93,336.2
385.94,337.0
385.96,338.5
385.98,340.0
385.99,340.7
386.01,342.1
386.03,343.5
386.04,344.1
386.06,345.3
386.08,346.3
386.09,346.7
386.11,347.3
386.13,347.5
386.14,347.5
386.16,347.1
386.18,346.2
386.19,345.5
386.21,343.8
386.23,341.4
386.24,340.0
386.26,336.6
386.28,332.4
386.29,330.1
386.31,324.8
386.32,321.9
386.34,315.6
386.36,308.5
386.37,304.7
386.39,296.5
386.41,287.8
386.42,283.2
386.44,273.6
386.46,263.6
386.47,258.4
386.49,247.8
386.51,237.0
386.52,231.6
386.54,220.5
386.56,209.6
386.57,204.1
386.59,193.3
386.61,182.8
386.62,177.7
386.64,167.8
386.66,158.4
386.67,154.0
386.69,145.7
386.7,141.8
386.72,134.9
386.74,129.0
386.75,126.5
386.77,122.4
386.79,119.8
386.8,119.1
386.82,119.1
386.84,120.9
386.85,122.7
386.87,128.0
386.89,135.8
386.9,140.8
386.92,153.0
386.94,168.6
386.95,177.7
386.97,198.9
386.99,224.1
387.0,238.4
387.02,270.5
387.04,307.4
387.05,327.8
387.07,372.4
387.08,396.7
387.1,449.4
387.12,507.5
387.13,538.5
387.15,604.6
387.17,675.6
387.18,712.9
387.2,790.8
387.22,872.4
387.23,914.5
387.25,1001.0
387.27,1088.0
387.28,1133.0
387.3,1221.0
387.32,1309.0
387.33,1352.0
387.35,1436.0
387.37,1515.0
387.38,1553.0
387.4,1625.0
387.41,1658.0
387.43,1718.0
387.45,1769.0
387.46,1792.0
387.48,1828.0
387.5,1854.0
387.51,1863.0
387.53,1873.0
387.55,1871.0
387.56,1866.0
387.58,1847.0
387.6,1818.0
387.61,1800.0
387.63,1757.0
387.65,1705.0
387.66,1676.0
387.68,1612.0
387.7,1543.0
387.71,1507.0
387.73,1431.0
387.75,1352.0
387.76,1312.0
387.78,1231.0
387.79,1191.0
387.81,1110.0
387.83,1031.0
387.84,991.7
387.86,915.7
387.88,842.8
387.89,807.7
387.91,740.4
387.93,677.2
387.94,647.2
387.96,590.6
387.98,538.4
387.99,514.0
388.01,468.4
388.03,427.2
388.04,408.1
388.06,372.9
388.08,341.6
388.09,327.3
388.11,301.2
388.13,278.3
388.14,267.9
388.16,249.4
388.17,241.1
388.19,226.3
388.21,213.8
388.22,208.3
388.24,198.7
388.26,190.9
388.27,187.6
388.29,182.1
388.31,178.0
388.32,176.3
388.34,173.9
388.36,172.5
388.37,172.1
388.39,172.0
388.41,172.6
388.42,173.2
388.44,174.8
388.46,176.9
388.47,178.1
388.49,180.8
388.51,184.0
388.52,185.6
388.54,189.2
388.55,191.0
388.57,194.8
388.59,198.8
388.6,200.8
388.62,204.8
388.64,208.7
388.65,210.7
388.67,214.6
388.69,218.2
388.7,220.0
388.72,223.4
388.74,226.4
388.75,227.8
388.77,230.4
388.79,232.6
388.8,233.5
388.82,235.1
388.84,236.2
388.85,236.6
388.87,237.2
388.88,237.3
388.9,237.2
388.92,236.9
388.93,236.6
388.95,235.8
388.97,234.9
388.98,234.5
389.0,233.5
389.02,232.7
389.03,232.4
389.05,232.0
389.07,232.2
389.08,232.4
389.1,233.6
389.12,235.6
389.13,237.1
389.15,240.8
389.17,245.8
389.18,248.9
389.2,256.3
389.22,265.4
389.23,270.6
389.25,282.6
389.26,289.3
389.28,304.3
389.3,321.5
389.31,330.8
389.33,351.2
389.35,373.6
389.36,385.6
389.38,410.9
389.4,438.0
389.41,452.2
389.43,481.4
389.45,511.8
389.46,527.3
389.48,558.6
389.5,590.0
389.51,605.6
389.53,636.4
389.55,666.1
389.56,680.4
389.58,707.7
389.6,732.7
389.61,744.3
389.63,765.2
389.64,774.5
389.66,790.4
389.68,802.6
389.69,807.3
389.71,813.7
389.73,816.1
389.74,815.9
389.76,812.4
389.78,805.1
389.79,800.2
389.81,787.9
389.83,772.8
389.84,764.4
389.86,746.0
389.88,726.3
389.89,716.2
389.91,695.8
389.93,676.0
389.94,666.6
389.96,649.3
389.98,634.8
389.99,628.9
390.01,620.5
390.02,618.2
390.04,618.2
390.06,625.0
390.07,631.3
390.09,650.3
390.11,678.7
390.12,696.7
390.14,741.0
390.16,797.0
390.17,829.7
390.19,904.8
390.21,993.4
390.22,1043.0
390.24,1153.0
390.26,1277.0
390.27,1345.0
390.29,1490.0
390.31,1650.0
390.32,1735.0
390.34,1914.0
390.35,2008.0
390.37,2204.0
390.39,2409.0
390.4,2515.0
390.42,2730.0
390.44,2949.0
390.45,3059.0
390.47,3278.0
390.49,3494.0
390.5,3600.0
390.52,3805.0
390.54,3998.0
390.55,4089.0
390.57,4260.0
390.59,4411.0
390.6,4479.0
390.62,4597.0
390.64,4690.0
390.65,4726.0
390.67,4779.0
390.69,4803.0
390.7,4804.0
390.72,4784.0
390.73,4763.0
390.75,4701.0
390.77,4612.0
390.78,4557.0
390.8,4430.0
390.82,4281.0
390.83,4198.0
390.85,4020.0
390.87,3826.0
390.88,3725.0
390.9,3513.0
390.92,3294.0
390.93,3183.0
390.95,2958.0
390.97,2732.0
390.98,2621.0
391.0,2400.0
391.02,2185.0
391.03,2080.0
391.05,1878.0
391.07,1686.0
391.08,1594.0
391.1,1420.0
391.11,1337.0
391.13,1181.0
391.15,1039.0
391.16,972.7
391.18,849.7
391.2,739.5
391.21,689.0
391.23,596.7
391.25,515.7
391.26,479.2
391.28,413.5
391.3,357.0
391.31,332.0
391.33,287.6
391.35,250.3
391.36,234.0
391.38,205.7
391.4,182.5
391.41,172.5
391.43,155.6
391.44,148.4
391.46,136.4
391.48,127.0
391.49,123.1
391.51,116.8
391.53,112.0
391.54,110.2
391.56,107.2
391.58,105.2
391.59,104.4
391.61,103.3
391.63,102.7
391.64,102.5
391.66,102.2
391.68,102.2
391.69,102.2
391.71,102.3
391.73,102.4
391.74,102.5
391.76,102.6
391.78,102.7
391.79,102.8
391.81,102.8
391.82,102.9
391.84,102.9
391.86,102.8
391.87,102.8
391.89,102.7
391.91,102.7
391.92,102.6
391.94,102.5
391.96,102.5
391.97,102.5
391.99,102.5
392.01,102.6
392.02,102.6
392.04,102.8
392.06,103.1
392.07,103.3
392.09,103.9
392.11,104.5
392.12,104.9
392.14,105.9
392.16,107.1
392.17,107.8
392.19,109.5
392.2,110.4
392.22,112.6
392.24,115.1
392.25,116.6
392.27,119.8
392.29,123.7
392.3,125.9
392.32,130.8
392.34,136.7
392.35,140.0
392.37,147.6
392.39,156.7
392.4,161.9
392.42,174.1
392.44,189.0
392.45,197.7
392.47,218.3
392.49,244.1
392.5,259.4
392.52,296.0
392.54,342.3
392.55,370.0
392.57,436.3
392.58,476.0
392.6,571.0
392.62,691.4
392.63,763.1
392.65,933.9
392.67,1149.0
392.68,1275.0
392.7,1575.0
392.72,1946.0
392.73,2164.0
392.75,2671.0
392.77,3292.0
392.78,3651.0
392.8,4479.0
392.82,5475.0
392.83,6044.0
392.85,7340.0
392.87,8872.0
392.88,9736.0
392.9,11680.0
392.91,12760.0
392.93,15190.0
392.95,17970.0
392.96,19500.0
392.98,22870.0
393.0,26670.0
393.01,28730.0
393.03,33200.0
393.05,38130.0
393.06,40770.0
393.08,46400.0
393.1,52480.0
393.11,55680.0
393.13,62390.0
393.15,69480.0
393.16,73150.0
393.18,80700.0
393.2,88460.0
393.21,92410.0
393.23,100300.0
393.25,108300.0
393.26,112200.0
393.28,120000.0
393.29,123700.0
393.31,131000.0
393.33,137800.0
393.34,141000.0
393.36,147000.0
393.38,152200.0
393.39,154500.0
393.41,158400.0
393.43,161500.0
393.44,162600.0
393.46,164100.0
393.48,164600.0
393.49,164500.0
393.51,163400.0
393.53,161300.0
393.54,159900.0
393.56,156300.0
393.58,151800.0
393.59,149300.0
393.61,143700.0
393.63,137300.0
393.64,134000.0
393.66,126900.0
393.67,123200.0
393.69,115500.0
393.71,107700.0
393.72,103700.0
393.74,95740.0
393.76,87840.0
393.77,83950.0
393.79,76300.0
393.81,68940.0
393.82,65380.0
393.84,58540.0
393.86,52110.0
393.87,49070.0
393.89,43330.0
393.91,38070.0
393.92,35630.0
393.94,31110.0
393.96,27080.0
393.97,25240.0
393.99,21910.0
394.01,19030.0
394.02,17750.0
394.04,15490.0
394.05,14500.0
394.07,12800.0
394.09,11420.0
394.1,10850.0
394.12,9917.0
394.14,9237.0
394.15,8983.0
394.17,8627.0
394.19,8453.0
394.2,8425.0
394.22,8472.0
394.24,8634.0
394.25,8751.0
394.27,9045.0
394.29,9398.0
394.3,9591.0
394.32,9997.0
394.34,10420.0
394.35,10630.0
394.37,11040.0
394.38,11230.0
394.4,11600.0
394.42,11930.0
394.43,12070.0
394.45,12310.0
394.47,12490.0
394.48,12560.0
394.5,12630.0
394.52,12630.0
394.53,12600.0
394.55,12490.0
394.57,12310.0
394.58,12190.0
394.6,11910.0
394.62,11560.0
394.63,11360.0
394.65,10940.0
394.67,10470.0
394.68,10220.0
394.7,9701.0
394.72,9160.0
394.73,8884.0
394.75,8326.0
394.76,8046.0
394.78,7490.0
394.8,6943.0
394.81,6676.0
394.83,6156.0
394.85,5660.0
394.86,5422.0
394.88,4968.0
394.9,4547.0
394.91,4348.0
394.93,3977.0
394.95,3639.0
394.96,3482.0
394.98,3193.0
395.0,2934.0
395.01,2816.0
395.03,2599.0
395.05,2408.0
395.06,2321.0
395.08,2162.0
395.1,2021.0
395.11,1956.0
395.13,1837.0
395.14,1782.0
395.16,1680.0
395.18,1587.0
395.19,1543.0
395.21,1459.0
395.23,1380.0
395.24,1342.0
395.26,1269.0
395.28,1199.0
395.29,1165.0
395.31,1098.0
395.33,1036.0
395.34,1005.0
395.36,948.1
395.38,895.5
395.39,871.3
395.41,827.8
395.43,792.0
395.44,777.5
395.46,756.4
395.48,747.4
395.49,748.1
395.51,761.4
395.52,774.6
395.54,815.8
395.56,879.2
395.57,920.3
395.59,1023.0
395.61,1157.0
395.62,1237.0
395.64,1424.0
395.66,1653.0
395.67,1784.0
395.69,2082.0
395.71,2432.0
395.72,2627.0
395.74,3063.0
395.76,3561.0
395.77,3834.0
395.79,4431.0
395.81,5097.0
395.82,5457.0
395.84,6229.0
395.85,6642.0
395.87,7519.0
395.89,8464.0
395.9,8960.0
395.92,9997.0
395.94,11090.0
395.95,11650.0
395.97,12810.0
395.99,13990.0
396.0,14600.0
396.02,15800.0
396.04,17010.0
396.05,17610.0
396.07,18790.0
396.09,19930.0
396.1,20480.0
396.12,21540.0
396.14,22530.0
396.15,22990.0
396.17,23850.0
396.19,24620.0
396.2,24970.0
396.22,25590.0
396.23,25870.0
396.25,26350.0
396.27,26740.0
396.28,26910.0
396.3,27190.0
396.32,27420.0
396.33,27520.0
396.35,27710.0
396.37,27900.0
396.38,28010.0
396.4,28260.0
396.42,28590.0
396.43,28790.0
396.45,29280.0
396.47,29930.0
396.48,30320.0
396.5,31240.0
396.52,32370.0
396.53,33020.0
396.55,34510.0
396.57,36230.0
396.58,37190.0
396.6,39290.0
396.61,40420.0
396.63,42870.0
396.65,45540.0
396.66,46940.0
396.68,49870.0
396.7,52920.0
396.71,54490.0
396.73,57660.0
396.75,60850.0
396.76,62430.0
396.78,65530.0
396.8,68490.0
396.81,69910.0
396.83,72580.0
396.85,74970.0
396.86,76050.0
396.88,77940.0
396.9,79440.0
396.91,80030.0
396.93,80880.0
396.95,81270.0
396.96,81290.0
396.98,80960.0
396.99,80620.0
397.01,79580.0
397.03,78080.0
397.04,77170.0
397.06,75030.0
397.08,72520.0
397.09,71130.0
397.11,68120.0
397.13,64840.0
397.14,63120.0
397.16,59530.0
397.18,55810.0
397.19,53920.0
397.21,50100.0
397.23,46270.0
397.24,44360.0
397.26,40600.0
397.28,36940.0
397.29,35160.0
397.31,31710.0
397.32,30050.0
397.34,26860.0
397.36,23880.0
397.37,22460.0
397.39,19800.0
397.41,17350.0
397.42,16210.0
397.44,14090.0
397.46,12180.0
397.47,11310.0
397.49,9698.0
397.51,8277.0
397.52,7633.0
397.54,6467.0
397.56,5454.0
397.57,5001.0
397.59,4190.0
397.61,3497.0
397.62,3190.0
397.64,2649.0
397.66,2193.0
397.67,1994.0
397.69,1646.0
397.7,1495.0
397.72,1234.0
397.74,1021.0
397.75,929.9
397.77,774.9
397.79,651.7
397.8,600.4
397.82,515.8
397.84,452.3
397.85,427.4
397.87,389.6
397.89,365.8
397.9,358.5
397.92,352.2
397.94,355.5
397.95,360.4
397.97,376.0
397.99,398.3
398.0,411.8
398.02,442.7
398.04,478.5
398.05,498.0
398.07,539.6
398.08,561.6
398.1,607.6
398.12,655.8
398.13,680.5
398.15,730.7
398.17,781.5
398.18,806.9
398.2,857.6
398.22,907.6
398.23,932.1
398.25,980.2
398.27,1027.0
398.28,1049.0
398.3,1093.0
398.32,1134.0
398.33,1154.0
398.35,1193.0
398.37,1229.0
398.38,1247.0
398.4,1282.0
398.42,1316.0
398.43,1332.0
398.45,1366.0
398.46,1383.0
398.48,1417.0
398.5,1453.0
398.51,1472.0
398.53,1510.0
398.55,1551.0
398.56,1573.0
398.58,1618.0
398.6,1666.0
398.61,1691.0
398.63,1743.0
398.65,1796.0
398.66,1824.0
398.68,1880.0
398.7,1936.0
398.71,1964.0
398.73,2019.0
398.75,2072.0
398.76,2097.0
398.78,2145.0
398.79,2166.0
398.81,2205.0
398.83,2237.0
398.84,2250.0
398.86,2270.0
398.88,2280.0
398.89,2282.0
398.91,2277.0
398.93,2261.0
398.94,2250.0
398.96,2218.0
398.98,2177.0
398.99,2152.0
399.01,2095.0
399.03,2030.0
399.04,1995.0
399.06,1918.0
399.08,1835.0
399.09,1792.0
399.11,1702.0
399.13,1609.0
399.14,1562.0
399.16,1467.0
399.17,1420.0
399.19,1326.0
399.21,1234.0
399.22,1189.0
399.24,1102.0
399.26,1019.0
399.27,979.3
399.29,904.2
399.31,834.7
399.32,802.2
399.34,741.8
399.36,687.4
399.37,662.5
399.39,617.2
399.41,577.6
399.42,559.9
399.44,528.2
399.46,501.4
399.47,489.7
399.49,469.2
399.51,452.2
399.52,444.9
399.54,432.4
399.55,427.0
399.57,417.8
399.59,410.2
399.6,406.8
399.62,400.8
399.64,395.5
399.65,393.0
399.67,388.0
399.69,383.1
399.7,380.5
399.72,375.1
399.74,369.4
399.75,366.3
399.77,359.7
399.79,352.6
399.8,348.9
399.82,340.9
399.84,332.5
399.85,328.1
399.87,319.0
399.89,309.6
399.9,304.7
399.92,295.0
399.93,290.0
399.95,280.1
399.97,270.2
399.98,265.3
400.0,255.6
400.02,246.2
400.03,241.6
400.05,232.8
400.07,224.4
400.08,220.4
400.1,212.9
400.12,206.0
400.13,202.9
400.15,197.1
400.17,192.1
400.18,190.0
400.2,186.3
400.22,183.6
400.23,182.5
400.25,181.1
400.26,180.8
400.28,180.8
400.3,181.7
400.31,182.6
400.33,184.8
400.35,188.0
400.36,189.9
400.38,194.2
400.4,199.2
400.41,202.0
400.43,208.0
400.45,214.5
400.46,217.9
400.48,225.0
400.5,232.3
400.51,236.1
400.53,243.7
400.55,251.2
400.56,255.0
400.58,262.4
400.6,269.5
400.61,273.0
400.63,279.5
400.64,282.6
400.66,288.3
400.68,293.3
400.69,295.6
400.71,299.5
400.73,302.6
400.74,303.8
400.76,305.4
400.78,306.1
400.79,306.0
400.81,305.1
400.83,303.1
400.84,301.7
400.86,298.2
400.88,293.6
400.89,290.9
400.91,284.8
400.93,277.8
400.94,274.0
400.96,265.7
400.98,256.7
400.99,252.0
401.01,242.2
401.02,237.1
401.04,226.7
401.06,216.1
401.07,210.7
401.09,200.0
401.11,189.4
401.12,184.1
401.14,173.9
401.16,164.1
401.17,159.4
401.19,150.5
401.21,142.2
401.22,138.3
401.24,131.2
401.26,124.8
401.27,122.0
401.29,116.9
401.31,112.7
401.32,110.9
401.34,107.9
401.36,105.7
401.37,104.8
401.39,103.7
401.4,103.3
401.42,103.0
401.44,103.1
401.45,103.3
401.47,104.0
401.49,104.9
401.5,105.3
401.52,106.3
401.54,107.3
401.55,107.7
401.57,108.4
401.59,108.9
401.6,109.1
401.62,109.0
401.64,108.7
401.65,108.3
401.67,107.3
401.69,105.8
401.7,104.9
401.72,102.7
401.73,101.5
401.75,98.67
401.77,95.5
401.78,93.79
401.8,90.13
401.82,86.22
401.83,84.18
401.85,79.98
401.87,75.66
401.88,73.47
401.9,69.09
401.92,64.73
401.93,62.58
401.95,58.36
401.97,54.29
401.98,52.32
402.0,48.54
402.02,45.0
402.03,43.32
402.05,40.17
402.07,37.29
402.08,35.95
402.1,33.49
402.11,32.37
402.13,30.33
402.15,28.56
402.16,27.77
402.18,26.38
402.2,25.21
402.21,24.71
402.23,23.86
402.25,23.19
402.26,22.92
402.28,22.48
402.3,22.18
402.31,22.07
402.33,21.93
402.35,21.89
402.36,21.9
402.38,21.98
402.4,22.12
402.41,22.22
402.43,22.47
402.45,22.79
402.46,22.98
402.48,23.43
402.49,23.7
402.51,24.31
402.53,25.07
402.54,25.52
402.56,26.56
402.58,27.86
402.59,28.61
402.61,30.38
402.63,32.56
402.64,33.82
402.66,36.76
402.68,40.32
402.69,42.36
402.71,47.06
402.73,52.67
402.74,55.85
402.76,63.06
402.78,71.52
402.79,76.26
402.81,86.86
402.82,92.75
402.84,105.8
402.86,120.7
402.87,128.9
402.89,146.8
402.91,166.8
402.92,177.7
402.94,201.1
402.96,226.9
402.97,240.6
402.99,269.9
403.01,301.4
403.02,318.0
403.04,352.9
403.06,389.7
403.07,408.8
403.09,448.1
403.11,488.8
403.12,509.5
403.14,551.6
403.16,593.9
403.17,615.1
403.19,657.2
403.2,677.9
403.22,718.4
403.24,757.3
403.25,775.9
403.27,811.2
403.29,843.6
403.3,858.4
403.32,885.3
403.34,908.1
403.35,917.8
403.37,933.6
403.39,944.6
403.4,948.1
403.42,951.4
403.44,949.5
403.45,946.6
403.47,937.1
403.49,922.7
403.5,913.8
403.52,892.7
403.54,867.6
403.55,853.7
403.57,823.5
403.58,807.3
403.6,773.0
403.62,736.8
403.63,718.2
403.65,680.1
403.67,641.5
403.68,622.1
403.7,583.6
403.72,545.8
403.73,527.2
403.75,491.2
403.77,456.8
403.78,440.3
403.8,408.9
403.82,379.7
403.83,365.9
403.85,340.2
403.87,317.0
403.88,306.2
403.9,286.6
403.92,269.3
403.93,261.6
403.95,247.7
403.96,241.5
403.98,230.8
404.0,222.0
404.01,218.3
404.03,212.2
404.05,207.8
404.06,206.2
404.08,204.1
404.1,203.4
404.11,203.6
404.13,205.1
404.15,207.9
404.16,209.8
404.18,214.5
404.2,220.6
404.21,224.1
404.23,232.1
404.25,241.4
404.26,246.5
404.28,257.6
404.29,263.5
404.31,276.4
404.33,290.2
404.34,297.5
404.36,312.6
404.38,328.5
404.39,336.6
404.41,353.2
404.43,369.9
404.44,378.3
404.46,394.8
404.48,410.9
404.49,418.7
404.51,433.6
404.53,447.3
404.54,453.6
404.56,465.1
404.58,474.8
404.59,478.9
404.61,485.5
404.63,489.8
404.64,491.1
404.66,491.8
404.67,491.2
404.69,488.2
404.71,482.6
404.72,479.0
404.74,469.9
404.76,458.6
404.77,452.1
404.79,437.8
404.81,421.9
404.82,413.3
404.84,395.3
404.86,376.3
404.87,366.5
404.89,346.6
404.91,326.6
404.92,316.6
404.94,296.8
404.96,277.7
404.97,268.4
404.99,250.6
405.01,234.2
405.02,226.5
405.04,212.3
405.05,205.9
405.07,194.4
405.09,185.0
405.1,181.0
405.12,174.8
405.14,170.7
405.15,169.4
405.17,168.6
405.19,170.0
405.2,171.4
405.22,175.9
405.24,182.3
405.25,186.2
405.27,195.2
405.29,205.8
405.3,211.6
405.32,224.1
405.34,237.6
405.35,244.7
405.37,259.2
405.39,274.1
405.4,281.6
405.42,296.6
405.43,304.0
405.45,318.4
405.47,332.2
405.48,338.7
405.5,351.0
405.52,362.2
405.53,367.2
405.55,376.2
405.57,383.7
405.58,386.8
405.6,391.8
405.62,395.1
405.63,396.1
405.65,397.0
405.67,396.3
405.68,395.3
405.7,392.5
405.72,388.5
405.73,386.1
405.75,380.7
405.76,377.7
405.78,371.4
405.8,364.9
405.81,361.5
405.83,355.0
405.85,348.9
405.86,346.1
405.88,341.0
405.9,336.9
405.91,335.3
405.93,333.1
405.95,332.3
405.96,332.5
405.98,334.2
406.0,337.7
406.01,340.0
406.03,346.2
406.05,354.0
406.06,358.6
406.08,369.0
406.1,381.0
406.11,387.5
406.13,401.4
406.14,408.7
406.16,424.0
406.18,440.0
406.19,448.1
406.21,464.4
406.23,480.4
406.24,488.3
406.26,503.5
406.28,517.6
406.29,524.1
406.31,536.1
406.33,546.2
406.34,550.4
406.36,557.3
406.38,561.7
406.39,562.9
406.41,563.4
406.43,561.1
406.44,559.0
406.46,552.6
406.48,543.5
406.49,538.0
406.51,525.1
406.52,517.8
406.54,501.5
406.56,483.3
406.57,473.6
406.59,452.9
406.61,431.1
406.62,419.8
406.64,396.8
406.66,373.4
406.67,361.7
406.69,338.3
406.71,315.3
406.72,304.1
406.74,282.2
406.76,261.5
406.77,251.5
406.79,232.7
406.81,215.4
406.82,207.3
406.84,192.4
406.86,179.3
406.87,173.3
406.89,162.8
406.9,158.2
406.92,150.2
406.94,143.9
406.95,141.3
406.97,137.3
406.99,134.6
407.0,133.8
407.02,133.0
407.04,133.2
407.05,133.7
407.07,135.2
407.09,137.4
407.1,138.7
407.12,141.6
407.14,144.8
407.15,146.5
407.17,149.9
407.19,153.3
407.2,155.0
407.22,158.2
407.23,159.7
407.25,162.6
407.27,165.2
407.28,166.4
407.3,168.6
407.32,170.5
407.33,171.3
407.35,172.7
407.37,174.0
407.38,174.5
407.4,175.5
407.42,176.5
407.43,176.9
407.45,177.8
407.47,178.9
407.48,179.4
407.5,180.7
407.52,182.1
407.53,182.9
407.55,184.8
407.57,186.9
407.58,188.1
407.6,190.7
407.61,192.0
407.63,195.0
407.65,198.1
407.66,199.7
407.68,203.1
407.7,206.4
407.71,208.1
407.73,211.4
407.75,214.6
407.76,216.1
407.78,218.9
407.8,221.4
407.81,222.5
407.83,224.3
407.85,225.7
407.86,226.2
407.88,226.7
407.9,226.8
407.91,226.5
407.93,225.7
407.95,224.3
407.96,223.3
407.98,221.1
407.99,219.8
408.01,216.8
408.03,213.3
408.04,211.5
408.06,207.4
408.08,203.1
408.09,200.8
408.11,196.0
408.13,191.0
408.14,188.4
408.16,183.2
408.18,177.9
408.19,175.2
408.21,169.8
408.23,164.4
408.24,161.7
408.26,156.3
408.28,150.9
408.29,148.3
408.31,143.1
408.33,138.0
408.34,135.5
408.36,130.5
408.37,128.1
408.39,123.4
408.41,118.8
408.42,116.5
408.44,112.2
408.46,108.0
408.47,106.0
408.49,102.0
408.51,98.27
408.52,96.46
408.54,92.98
408.56,89.68
408.57,88.1
408.59,85.07
408.61,82.22
408.62,80.86
408.64,78.26
408.66,75.83
408.67,74.68
408.69,72.48
408.7,71.44
408.72,69.47
408.74,67.63
408.75,66.77
408.77,65.14
408.79,63.64
408.8,62.95
408.82,61.66
408.84,60.5
408.85,59.98
408.87,59.06
408.89,58.3
408.9,57.99
408.92,57.52
408.94,57.26
408.95,57.22
408.97,57.33
408.99,57.73
409.0,58.04
409.02,58.91
409.04,60.14
409.05,60.89
409.07,62.71
409.08,63.78
409.1,66.25
409.12,69.2
409.13,70.85
409.15,74.53
409.17,78.73
409.18,81.02
409.2,86.01
409.22,91.52
409.23,94.47
409.25,100.8
409.27,107.6
409.28,111.2
409.3,118.7
409.32,126.7
409.33,130.9
409.35,139.6
409.37,148.7
409.38,153.4
409.4,163.1
409.42,173.1
409.43,178.2
409.45,188.8
409.46,194.2
409.48,205.3
409.5,216.7
409.51,222.5
409.53,234.4
409.55,246.8
409.56,253.1
409.58,266.2
409.6,279.7
409.61,286.7
409.63,301.2
409.65,316.3
409.66,324.1
409.68,340.4
409.7,357.5
409.71,366.4
409.73,384.9
409.75,404.4
409.76,414.6
409.78,435.6
409.8,457.7
409.81,469.2
409.83,492.8
409.84,505.0
409.86,530.0
409.88,555.7
409.89,568.9
409.91,595.5
409.93,622.5
409.94,636.1
409.96,663.1
409.98,689.9
409.99,703.1
410.01,728.8
410.03,753.4
410.04,765.2
410.06,787.6
410.08,808.0
410.09,817.4
410.11,834.3
410.13,848.5
410.14,854.5
410.16,864.2
410.17,867.8
410.19,872.6
410.21,874.0
410.22,873.4
410.24,869.6
410.26,862.3
410.27,857.4
410.29,845.3
410.31,830.0
410.32,821.3
410.34,802.0
410.36,780.3
410.37,768.7
410.39,744.2
410.41,718.1
410.42,704.7
410.44,677.3
410.46,649.4
410.47,635.4
410.49,607.5
410.51,580.1
410.52,566.7
410.54,540.5
410.55,527.9
410.57,503.5
410.59,480.7
410.6,469.9
410.62,449.5
410.64,430.8
410.65,422.1
410.67,406.1
410.69,391.8
410.7,385.2
410.72,373.3
410.74,362.8
410.75,358.0
410.77,349.3
410.79,341.6
410.8,338.1
410.82,331.5
410.84,325.5
410.85,322.6
410.87,316.9
410.89,311.3
410.9,308.5
410.92,302.6
410.93,299.6
410.95,293.2
410.97,286.3
410.98,282.7
411.0,275.0
411.02,266.7
411.03,262.4
411.05,253.3
411.07,243.6
411.08,238.6
411.1,228.3
411.12,217.7
411.13,212.3
411.15,201.4
411.17,190.5
411.18,185.1
411.2,174.3
411.22,163.9
411.23,158.9
411.25,149.2
411.26,144.6
411.28,136.0
411.3,128.3
411.31,124.8
411.33,118.6
411.35,113.6
411.36,111.6
411.38,108.5
411.4,106.8
411.41,106.5
411.43,107.0
411.45,109.1
411.46,110.7
411.48,115.2
411.5,121.2
411.51,124.8
411.53,133.2
411.55,143.1
411.56,148.6
411.58,160.6
411.6,173.9
411.61,181.0
411.63,196.0
411.64,203.9
411.66,220.2
411.68,237.1
411.69,245.8
411.71,263.3
411.73,280.9
411.74,289.7
411.76,306.9
411.78,323.5
411.79,331.5
411.81,346.8
411.83,360.9
411.84,367.5
411.86,379.3
411.88,389.5
411.89,393.8
411.91,401.1
411.93,406.2
411.94,407.9
411.96,409.8
411.98,409.5
411.99,408.5
412.01,405.0
412.02,402.5
412.04,396.0
412.06,387.6
412.07,382.8
412.09,372.2
412.11,360.2
412.12,353.9
412.14,340.5
412.16,326.6
412.17,319.5
412.19,305.2
412.21,291.0
412.22,284.1
412.24,270.7
412.26,258.1
412.27,252.2
412.29,241.4
412.31,232.0
412.32,228.0
412.34,221.3
412.36,216.5
412.37,214.9
412.39,213.5
412.4,213.7
412.42,215.9
412.44,220.8
412.45,224.2
412.47,233.1
412.49,244.9
412.5,251.9
412.52,268.1
412.54,287.3
412.55,298.0
412.57,321.8
412.59,348.6
412.6,363.1
412.62,394.3
412.64,428.4
412.65,446.5
412.67,484.6
412.69,525.1
412.7,546.2
412.72,589.9
412.73,612.4
412.75,658.6
412.77,705.8
412.78,729.7
412.8,777.8
412.82,825.8
412.83,849.6
412.85,896.4
412.87,941.6
412.88,963.5
412.9,1005.0
412.92,1044.0
412.93,1062.0
412.95,1095.0
412.97,1124.0
412.98,1137.0
413.0,1158.0
413.02,1174.0
413.03,1180.0
413.05,1187.0
413.07,1189.0
413.08,1187.0
413.1,1179.0
413.11,1173.0
413.13,1156.0
413.15,1134.0
413.16,1121.0
413.18,1091.0
413.2,1057.0
413.21,1038.0
413.23,997.3
413.25,953.5
413.26,930.6
413.28,883.0
413.3,833.7
413.31,808.5
413.33,757.8
413.35,706.8
413.36,681.4
413.38,631.2
413.4,582.2
413.41,558.2
413.43,511.6
413.45,467.3
413.46,446.0
413.48,405.5
413.49,386.3
413.51,350.1
413.53,317.1
413.54,301.7
413.56,273.6
413.58,248.9
413.59,237.7
413.61,218.1
413.63,201.9
413.64,195.0
413.66,183.9
413.68,176.2
413.69,173.5
413.71,170.9
413.73,171.5
413.74,173.1
413.76,178.7
413.78,187.7
413.79,193.4
413.81,207.4
413.83,224.6
413.84,234.4
413.86,256.6
413.87,268.9
413.89,295.9
413.91,326.1
413.92,342.4
413.94,377.2
413.96,414.9
413.97,434.7
413.99,476.4
414.01,520.4
414.02,543.2
414.04,590.3
414.06,638.8
414.07,663.6
414.09,713.6
414.11,764.1
414.12,789.4
414.14,839.5
414.16,888.6
414.17,912.6
414.19,959.2
414.2,981.6
414.22,1024.0
414.24,1064.0
414.25,1082.0
414.27,1115.0
414.29,1144.0
414.3,1156.0
414.32,1177.0
414.34,1192.0
414.35,1197.0
414.37,1203.0
414.39,1203.0
414.4,1201.0
414.42,1192.0
414.44,1177.0
414.45,1167.0
414.47,1144.0
414.49,1115.0
414.5,1098.0
414.52,1063.0
414.54,1023.0
414.55,1001.0
414.57,956.2
414.58,932.7
414.6,884.1
414.62,833.9
414.63,808.4
414.65,757.0
414.67,705.5
414.68,680.0
414.7,629.5
414.72,580.3
414.73,556.4
414.75,509.9
414.77,465.8
414.78,444.6
414.8,404.4
414.82,367.1
414.83,349.5
414.85,316.7
414.87,287.0
414.88,273.2
414.9,248.0
414.92,225.7
414.93,215.6
414.95,197.5
414.96,189.3
414.98,174.9
415.0,162.7
415.01,157.4
415.03,148.2
415.05,140.7
415.06,137.4
415.08,132.0
415.1,127.7
415.11,125.9
415.13,122.9
415.15,120.5
415.16,119.5
415.18,117.8
415.2,116.4
415.21,115.8
415.23,114.5
415.25,113.2
415.26,112.6
415.28,111.1
415.3,109.6
415.31,108.7
415.33,106.9
415.34,105.9
415.36,103.7
415.38,101.3
415.39,100.1
415.41,97.4
415.43,94.58
415.44,93.12
415.46,90.12
415.48,87.02
415.49,85.46
415.51,82.3
415.53,79.14
415.54,77.57
415.56,74.47
415.58,71.44
415.59,69.96
415.61,67.1
415.63,64.38
415.64,63.08
415.66,60.61
415.67,59.45
415.69,57.29
415.71,55.35
415.72,54.48
415.74,52.93
415.76,51.67
415.77,51.15
415.79,50.37
415.81,49.95
415.82,49.88
415.84,50.06
415.86,50.7
415.87,51.19
415.89,52.59
415.91,54.54
415.92,55.75
415.94,58.64
415.96,62.23
415.97,64.3
415.99,69.01
416.01,74.55
416.02,77.63
416.04,84.45
416.05,88.2
416.07,96.39
416.09,105.5
416.1,110.4
416.12,120.9
416.14,132.3
416.15,138.3
416.17,151.0
416.19,164.4
416.2,171.3
416.22,185.7
416.24,200.6
416.25,208.2
416.27,223.6
416.29,239.0
416.3,246.8
416.32,262.1
416.34,277.2
416.35,284.5
416.37,298.7
416.39,312.2
416.4,318.5
416.42,330.5
416.43,336.0
416.45,346.1
416.47,354.8
416.48,358.5
416.5,364.9
416.52,369.8
416.53,371.5
416.55,373.9
416.57,374.7
416.58,374.5
416.6,372.9
416.62,369.9
416.63,367.9
416.65,363.1
416.67,357.1
416.68,353.8
416.7,346.6
416.72,338.8
416.73,334.8
416.75,326.5
416.77,318.2
416.78,314.0
416.8,306.0
416.81,302.2
416.83,294.9
416.85,288.4
416.86,285.5
416.88,280.4
416.9,276.4
416.91,274.9
416.93,272.7
416.95,272.0
416.96,272.1
416.98,273.4
417.0,276.2
417.01,278.2
417.03,283.2
417.05,289.6
417.06,293.4
417.08,302.0
417.1,312.1
417.11,317.6
417.13,329.8
417.14,336.4
417.16,350.7
417.18,366.4
417.19,374.9
417.21,392.9
417.23,412.5
417.24,423.0
417.26,445.3
417.28,469.7
417.29,482.6
417.31,510.3
417.33,540.4
417.34,556.5
417.36,590.8
417.38,628.3
417.39,648.2
417.41,690.6
417.43,736.6
417.44,761.0
417.46,812.6
417.48,868.1
417.49,897.2
417.51,958.3
417.52,990.2
417.54,1057.0
417.56,1126.0
417.57,1162.0
417.59,1236.0
417.61,1311.0
417.62,1349.0
417.64,1427.0
417.66,1504.0
417.67,1542.0
417.69,1618.0
417.71,1692.0
417.72,1728.0
417.74,1796.0
417.76,1860.0
417.77,1890.0
417.79,1945.0
417.81,1993.0
417.82,2014.0
417.84,2050.0
417.86,2077.0
417.87,2087.0
417.89,2101.0
417.9,2104.0
417.92,2102.0
417.94,2090.0
417.95,2081.0
417.97,2055.0
417.99,2019.0
418.0,1998.0
418.02,1950.0
418.04,1893.0
418.05,1862.0
418.07,1795.0
418.09,1722.0
418.1,1684.0
418.12,1604.0
418.14,1521.0
418.15,1478.0
418.17,1392.0
418.19,1305.0
418.2,1261.0
418.22,1175.0
418.24,1089.0
418.25,1047.0
418.27,965.3
418.28,925.5
418.3,848.5
418.32,775.6
418.33,740.7
418.35,674.5
418.37,613.3
418.38,584.6
418.4,531.2
418.42,483.1
418.43,461.1
418.45,421.2
418.47,386.7
418.48,371.5
418.5,344.9
418.52,323.4
418.53,314.6
418.55,300.4
418.57,290.9
418.58,287.8
418.6,284.8
418.61,284.7
418.63,287.5
418.65,293.8
418.66,298.2
418.68,309.2
418.7,322.9
418.71,330.7
418.73,347.9
418.75,366.9
418.76,377.0
418.78,398.1
418.8,420.1
418.81,431.3
418.83,454.0
418.85,476.7
418.86,487.9
418.88,509.8
418.9,530.8
418.91,540.8
418.93,559.7
418.95,576.8
418.96,584.6
418.98,598.5
418.99,604.6
419.01,614.8
419.03,622.3
419.04,625.0
419.06,628.2
419.08,628.5
419.09,627.6
419.11,623.5
419.13,616.5
419.14,611.9
419.16,600.8
419.18,587.2
419.19,579.5
419.21,562.4
419.23,543.4
419.24,533.2
419.26,511.6
419.28,488.8
419.29,477.0
419.31,452.9
419.33,428.1
419.34,415.6
419.36,390.6
419.37,378.2
419.39,353.5
419.41,329.4
419.42,317.6
419.44,294.6
419.46,272.7
419.47,262.2
419.49,242.1
419.51,223.4
419.52,214.5
419.54,198.0
419.56,183.0
419.57,176.0
419.59,163.3
419.61,152.1
419.62,147.1
419.64,138.2
419.66,130.7
419.67,127.5
419.69,122.1
419.71,118.1
419.72,116.5
419.74,114.2
419.75,113.5
419.77,113.0
419.79,113.5
419.8,114.1
419.82,116.1
419.84,119.0
419.85,120.8
419.87,125.2
419.89,130.4
419.9,133.4
419.92,140.1
419.94,147.8
419.95,152.1
419.97,161.5
419.99,172.1
420.0,177.9
420.02,190.5
420.04,204.6
420.05,212.2
420.07,228.8
420.08,237.8
420.1,257.1
420.12,278.4
420.13,289.8
420.15,314.3
420.17,341.0
420.18,355.2
420.2,385.4
420.22,417.7
420.23,434.8
420.25,470.5
420.27,508.2
420.28,527.9
420.3,568.4
420.32,610.5
420.33,632.0
420.35,675.8
420.37,720.4
420.38,742.8
420.4,787.5
420.42,831.9
420.43,853.7
420.45,896.5
420.46,917.3
420.48,957.3
420.5,994.7
420.51,1012.0
420.53,1045.0
420.55,1074.0
420.56,1087.0
420.58,1110.0
420.6,1128.0
420.61,1135.0
420.63,1146.0
420.65,1151.0
420.66,1152.0
420.68,1149.0
420.7,1141.0
420.71,1135.0
420.73,1120.0
420.75,1099.0
420.76,1087.0
420.78,1060.0
420.8,1029.0
420.81,1012.0
420.83,976.3
420.84,957.1
420.86,916.9
420.88,874.7
420.89,852.9
420.91,808.5
420.93,763.2
420.94,740.4
420.96,694.7
420.98,649.4
420.99,627.0
421.01,582.8
421.03,539.8
421.04,518.9
421.06,478.2
421.08,439.3
421.09,420.6
421.11,384.7
421.13,351.0
421.14,335.0
421.16,304.6
421.17,290.2
421.19,263.1
421.21,238.2
421.22,226.5
421.24,204.7
421.26,184.8
421.27,175.6
421.29,158.5
421.31,143.1
421.32,136.0
421.34,122.9
421.36,111.2
421.37,105.9
421.39,96.09
421.41,87.42
421.42,83.47
421.44,76.29
421.46,70.0
421.47,67.17
421.49,62.1
421.51,57.75
421.52,55.83
421.54,52.49
421.55,51.06
421.57,48.67
421.59,46.88
421.6,46.22
421.62,45.35
421.64,45.11
421.65,45.23
421.67,45.99
421.69,47.47
421.7,48.51
421.72,51.2
421.74,54.81
421.75,56.99
421.77,62.16
421.79,68.55
421.8,72.24
421.82,80.73
421.84,90.86
421.85,96.6
421.87,109.6
421.89,124.8
421.9,133.4
421.92,152.5
421.93,163.2
421.95,187.0
421.97,214.4
421.98,229.6
422.0,263.2
422.02,301.6
422.03,322.7
422.05,369.3
422.07,421.9
422.08,450.8
422.1,513.8
422.12,584.6
422.13,623.0
422.15,706.6
422.17,799.4
422.18,849.6
422.2,957.6
422.22,1077.0
422.23,1140.0
422.25,1276.0
422.27,1424.0
422.28,1503.0
422.3,1669.0
422.31,1757.0
422.33,1941.0
422.35,2137.0
422.36,2240.0
422.38,2453.0
422.4,2675.0
422.41,2790.0
422.43,3026.0
422.45,3268.0
422.46,3391.0
422.48,3639.0
422.5,3889.0
422.51,4014.0
422.53,4261.0
422.55,4503.0
422.56,4621.0
422.58,4850.0
422.6,5067.0
422.61,5169.0
422.63,5362.0
422.64,5451.0
422.66,5612.0
422.68,5751.0
422.69,5811.0
422.71,5910.0
422.73,5980.0
422.74,6005.0
422.76,6030.0
422.78,6026.0
422.79,6012.0
422.81,5960.0
422.83,5879.0
422.84,5828.0
422.86,5704.0
422.88,5554.0
422.89,5469.0
422.91,5283.0
422.93,5077.0
422.94,4967.0
422.96,4735.0
422.98,4491.0
422.99,4365.0
423.01,4107.0
423.02,3976.0
423.04,3712.0
423.06,3448.0
423.07,3316.0
423.09,3057.0
423.11,2803.0
423.12,2679.0
423.14,2439.0
423.16,2210.0
423.17,2100.0
423.19,1890.0
423.21,1693.0
423.22,1601.0
423.24,1426.0
423.26,1267.0
423.27,1193.0
423.29,1055.0
423.31,932.5
423.32,876.2
423.34,773.7
423.36,683.9
423.37,643.5
423.39,571.1
423.4,538.9
423.42,481.9
423.44,434.0
423.45,413.1
423.47,377.0
423.49,347.6
423.5,335.2
423.52,314.3
423.54,298.0
423.55,291.4
423.57,280.8
423.59,273.2
423.6,270.4
423.62,266.3
423.64,264.0
423.65,263.4
423.67,263.1
423.69,263.9
423.7,264.6
423.72,266.4
423.74,268.8
423.75,270.2
423.77,273.3
423.78,275.0
423.8,278.7
423.82,282.8
423.83,285.0
423.85,289.7
423.87,294.8
423.88,297.5
423.9,303.2
423.92,309.4
423.93,312.7
423.95,319.6
423.97,327.0
423.98,330.8
424.0,338.7
424.02,347.0
424.03,351.2
424.05,359.6
424.07,368.2
424.08,372.4
424.1,380.7
424.11,384.8
424.13,392.6
424.15,399.9
424.16,403.2
424.18,409.4
424.2,414.6
424.21,416.8
424.23,420.4
424.25,422.8
424.26,423.5
424.28,423.9
424.3,422.9
424.31,421.9
424.33,418.8
424.35,414.3
424.36,411.5
424.38,405.0
424.4,397.3
424.41,393.0
424.43,383.7
424.45,373.4
424.46,367.9
424.48,356.5
424.49,350.6
424.51,338.4
424.53,325.9
424.54,319.6
424.56,307.0
424.58,294.4
424.59,288.2
424.61,275.9
424.63,264.1
424.64,258.3
424.66,247.2
424.68,236.7
424.69,231.6
424.71,222.1
424.73,213.2
424.74,209.0
424.76,201.0
424.78,193.8
424.79,190.4
424.81,184.1
424.83,178.3
424.84,175.7
424.86,170.7
424.87,168.3
424.89,164.0
424.91,160.0
424.92,158.1
424.94,154.6
424.96,151.3
424.97,149.7
424.99,146.6
425.01,143.7
425.02,142.3
425.04,139.6
425.06,136.9
425.07,135.6
425.09,133.0
425.11,130.4
425.12,129.1
425.14,126.6
425.16,124.1
425.17,122.9
425.19,120.5
425.21,118.2
425.22,117.0
425.24,114.7
425.25,113.6
425.27,111.4
425.29,109.2
425.3,108.2
425.32,106.1
425.34,104.1
425.35,103.1
425.37,101.2
425.39,99.29
425.4,98.36
425.42,96.52
425.44,94.72
425.45,93.83
425.47,92.06
425.49,90.32
425.5,89.45
425.52,87.74
425.54,86.05
425.55,85.22
425.57,83.58
425.58,82.77
425.6,81.2
425.62,79.7
425.63,78.97
425.65,77.6
425.67,76.33
425.68,75.74
425.7,74.67
425.72,73.76
425.73,73.37
425.75,72.73
425.77,72.3
425.78,72.16
425.8,72.07
425.82,72.2
425.83,72.35
425.85,72.84
425.87,73.56
425.88,74.0
425.9,75.05
425.92,76.29
425.93,76.98
425.95,78.48
425.96,79.29
425.98,80.98
426.0,82.75
426.01,83.66
426.03,85.49
426.05,87.3
426.06,88.2
426.08,89.93
426.1,91.55
426.11,92.31
426.13,93.7
426.15,94.9
426.16,95.43
426.18,96.29
426.2,96.91
426.21,97.12
426.23,97.34
426.25,97.27
426.26,97.13
426.28,96.64
426.3,95.88
426.31,95.4
426.33,94.24
426.34,93.57
426.36,92.05
426.38,90.33
426.39,89.39
426.41,87.4
426.43,85.27
426.44,84.16
426.46,81.88
426.48,79.56
426.49,78.38
426.51,76.06
426.53,73.78
426.54,72.68
426.56,70.58
426.58,68.64
426.59,67.75
426.61,66.17
426.63,64.89
426.64,64.37
426.66,63.64
426.68,63.33
426.69,63.35
426.71,63.79
426.72,64.22
426.74,65.51
426.76,67.43
426.77,68.64
426.79,71.58
426.81,75.23
426.82,77.33
426.84,82.11
426.86,87.64
426.87,90.69
426.89,97.35
426.91,104.8
426.92,108.7
426.94,117.1
426.96,126.2
426.97,130.9
426.99,140.8
427.01,151.0
427.02,156.3
427.04,167.0
427.05,172.4
427.07,183.3
427.09,194.1
427.1,199.4
427.12,209.8
427.14,219.8
427.15,224.6
427.17,233.8
427.19,242.1
427.2,245.9
427.22,252.8
427.24,258.7
427.25,261.1
427.27,265.2
427.29,268.0
427.3,268.9
427.32,269.6
427.34,269.1
427.35,268.3
427.37,265.7
427.39,261.8
427.4,259.4
427.42,253.8
427.43,250.6
427.45,243.4
427.47,235.2
427.48,230.9
427.5,221.7
427.52,211.9
427.53,206.8
427.55,196.5
427.57,186.0
427.58,180.8
427.6,170.3
427.62,160.1
427.63,155.0
427.65,145.4
427.67,136.2
427.68,131.9
427.7,123.8
427.72,116.5
427.73,113.2
427.75,107.4
427.77,102.5
427.78,100.5
427.8,97.36
427.81,96.23
427.83,94.86
427.85,94.73
427.86,95.13
427.88,96.89
427.9,99.91
427.91,101.9
427.93,106.8
427.95,112.9
427.96,116.4
427.98,124.3
428.0,133.3
428.01,138.2
428.03,148.6
428.05,160.0
428.06,166.0
428.08,178.4
428.1,191.4
428.11,198.1
428.13,211.6
428.15,225.3
428.16,232.2
428.18,245.9
428.19,252.6
428.21,265.8
428.23,278.4
428.24,284.5
428.26,296.0
428.28,306.5
428.29,311.4
428.31,320.3
428.33,327.8
428.34,331.1
428.36,336.6
428.38,340.7
428.39,342.2
428.41,344.0
428.43,344.5
428.44,344.1
428.46,342.5
428.48,339.6
428.49,337.7
428.51,333.1
428.52,330.4
428.54,324.4
428.56,317.8
428.57,314.3
428.59,306.9
428.61,299.3
428.62,295.4
428.64,287.8
428.66,280.2
428.67,276.6
428.69,269.5
428.71,263.0
428.72,259.9
428.74,254.3
428.76,249.3
428.77,247.0
428.79,243.0
428.81,239.7
428.82,238.3
428.84,235.9
428.86,234.1
428.87,233.3
428.89,232.2
428.9,231.7
428.92,231.0
428.94,230.4
428.95,230.1
428.97,229.5
428.99,228.8
429.0,228.4
429.02,227.3
429.04,225.8
429.05,224.9
429.07,222.7
429.09,220.0
429.1,218.5
429.12,215.0
429.14,210.9
429.15,208.7
429.17,203.8
429.19,198.5
429.2,195.6
429.22,189.7
429.24,183.4
429.25,180.2
429.27,173.6
429.28,170.2
429.3,163.5
429.32,156.9
429.33,153.7
429.35,147.3
429.37,141.3
429.38,138.4
429.4,133.1
429.42,128.3
429.43,126.2
429.45,122.4
429.47,119.4
429.48,118.3
429.5,116.6
429.52,115.9
429.53,115.9
429.55,116.8
429.57,118.8
429.58,120.2
429.6,123.9
429.62,128.9
429.63,131.8
429.65,138.7
429.66,142.6
429.68,151.4
429.7,161.6
429.71,167.2
429.73,179.4
429.75,193.0
429.76,200.3
429.78,216.0
429.8,233.1
429.81,242.2
429.83,261.3
429.85,281.7
429.86,292.4
429.88,314.8
429.9,338.4
429.91,350.6
429.93,375.9
429.95,402.1
429.96,415.6
429.98,443.2
429.99,457.2
430.01,485.8
430.03,514.8
430.04,529.5
430.06,558.9
430.08,588.4
430.09,603.1
430.11,632.3
430.13,661.1
430.14,675.2
430.16,702.9
430.18,729.6
430.19,742.5
430.21,767.4
430.23,791.0
430.24,802.1
430.26,823.3
430.28,842.7
430.29,851.8
430.31,868.5
430.33,883.4
430.34,890.1
430.36,902.3
430.37,907.7
430.39,917.3
430.41,925.3
430.42,928.7
430.44,934.6
430.46,939.4
430.47,941.4
430.49,944.8
430.51,947.6
430.52,948.8
430.54,951.0
430.56,953.1
430.57,954.2
430.59,956.5
430.61,959.2
430.62,960.7
430.64,964.0
430.66,967.9
430.67,970.0
430.69,974.8
430.71,980.0
430.72,982.8
430.74,988.5
430.75,991.5
430.77,997.4
430.79,1003.0
430.8,1006.0
430.82,1011.0
430.84,1015.0
430.85,1017.0
430.87,1020.0
430.89,1021.0
430.9,1021.0
430.92,1019.0
430.94,1016.0
430.95,1013.0
430.97,1006.0
430.99,995.6
431.0,989.6
431.02,975.6
431.04,958.8
431.05,949.3
431.07,928.4
431.08,916.9
431.1,892.0
431.12,864.7
431.13,850.3
431.15,819.7
431.17,787.4
431.18,770.6
431.2,736.0
431.22,700.4
431.23,682.3
431.25,645.7
431.27,609.0
431.28,590.6
431.3,554.2
431.32,518.5
431.33,501.0
431.35,466.8
431.37,433.9
431.38,418.1
431.4,387.8
431.42,359.4
431.43,346.0
431.45,320.7
431.46,309.0
431.48,287.1
431.5,267.6
431.51,258.7
431.53,242.8
431.55,229.1
431.56,223.1
431.58,212.8
431.6,204.6
431.61,201.3
431.63,196.0
431.65,192.6
431.66,191.4
431.68,190.3
431.7,190.6
431.71,191.2
431.73,193.1
431.75,195.9
431.76,197.6
431.78,201.3
431.8,205.5
431.81,207.7
431.83,212.1
431.84,214.3
431.86,218.7
431.88,222.8
431.89,224.7
431.91,228.2
431.93,231.2
431.94,232.5
431.96,234.6
431.98,236.0
431.99,236.5
432.01,236.9
432.03,236.6
432.04,236.2
432.06,235.0
432.08,233.2
432.09,232.1
432.11,229.7
432.13,226.8
432.14,225.3
432.16,222.1
432.18,218.7
432.19,217.1
432.21,213.8
432.22,212.2
432.24,209.1
432.26,206.4
432.27,205.1
432.29,202.9
432.31,201.1
432.32,200.4
432.34,199.3
432.36,198.7
432.37,198.6
432.39,198.7
432.41,199.2
432.42,199.6
432.44,200.7
432.46,202.1
432.47,202.9
432.49,204.6
432.51,206.4
432.52,207.3
432.54,209.1
432.55,209.9
432.57,211.5
432.59,212.8
432.6,213.3
432.62,214.1
432.64,214.4
432.65,214.4
432.67,214.0
432.69,213.1
432.7,212.4
432.72,210.6
432.74,208.3
432.75,207.0
432.77,203.9
432.79,200.4
432.8,198.5
432.82,194.3
432.84,189.9
432.85,187.5
432.87,182.7
432.89,177.8
432.9,175.3
432.92,170.4
432.93,168.0
432.95,163.2
432.97,158.7
432.98,156.6
433.0,152.5
433.02,148.9
433.03,147.2
433.05,144.3
433.07,142.0
433.08,141.0
433.1,139.5
433.12,138.6
433.13,138.3
433.15,138.3
433.17,138.9
433.18,139.4
433.2,140.8
433.22,142.7
433.23,143.8
433.25,146.4
433.27,149.3
433.28,150.8
433.3,154.0
433.31,155.7
433.33,159.2
433.35,162.6
433.36,164.3
433.38,167.7
433.4,170.9
433.41,172.3
433.43,175.1
433.45,177.5
433.46,178.6
433.48,180.3
433.5,181.6
433.51,182.1
433.53,182.6
433.55,182.6
433.56,182.4
433.58,181.6
433.6,180.3
433.61,179.4
433.63,177.3
433.65,174.8
433.66,173.3
433.68,170.2
433.69,168.5
433.71,164.8
433.73,160.8
433.74,158.7
433.76,154.4
433.78,149.8
433.79,147.5
433.81,142.8
433.83,138.0
433.84,135.6
433.86,130.8
433.88,125.9
433.89,123.5
433.91,118.7
433.93,113.9
433.94,111.6
433.96,106.9
433.98,102.3
433.99,100.1
434.01,95.62
434.02,93.43
434.04,89.14
434.06,84.98
434.07,82.94
434.09,78.96
434.11,75.14
434.12,73.28
434.14,69.7
434.16,66.29
434.17,64.67
434.19,61.57
434.21,58.69
434.22,57.35
434.24,54.85
434.26,52.63
434.27,51.62
434.29,49.84
434.31,48.38
434.32,47.77
434.34,46.81
434.36,46.2
434.37,46.02
434.39,45.94
434.4,46.04
434.42,46.5
434.44,47.3
434.45,47.84
434.47,49.16
434.49,50.8
434.5,51.73
434.52,53.81
434.54,56.16
434.55,57.42
434.57,60.1
434.59,62.95
434.6,64.44
434.62,67.49
434.64,70.62
434.65,72.2
434.67,75.38
434.69,78.53
434.7,80.08
434.72,83.12
434.74,86.04
434.75,87.45
434.77,90.13
434.78,91.4
434.8,93.78
434.82,95.93
434.83,96.92
434.85,98.71
434.87,100.2
434.88,100.9
434.9,102.1
434.92,103.0
434.93,103.4
434.95,103.9
434.97,104.3
434.98,104.4
435.0,104.6
435.02,104.5
435.03,104.5
435.05,104.3
435.07,104.1
435.08,103.9
435.1,103.7
435.12,103.4
435.13,103.3
435.15,103.1
435.16,103.0
435.18,103.0
435.2,103.0
435.21,103.1
435.23,103.4
435.25,103.8
435.26,104.1
435.28,104.8
435.3,105.7
435.31,106.3
435.33,107.5
435.35,109.1
435.36,109.9
435.38,111.8
435.4,114.0
435.41,115.2
435.43,117.8
435.45,120.7
435.46,122.3
435.48,125.7
435.49,127.5
435.51,131.4
435.53,135.6
435.54,137.9
435.56,142.6
435.58,147.6
435.59,150.2
435.61,155.7
435.63,161.5
435.64,164.4
435.66,170.5
435.68,176.8
435.69,180.0
435.71,186.5
435.73,193.0
435.74,196.3
435.76,202.7
435.78,209.0
435.79,212.1
435.81,218.0
435.83,223.6
435.84,226.2
435.86,231.1
435.87,233.4
435.89,237.4
435.91,240.7
435.92,242.1
435.94,244.2
435.96,245.6
435.97,245.9
435.99,245.9
436.01,244.9
436.02,244.1
436.04,241.7
436.06,238.4
436.07,236.5
436.09,231.8
436.11,226.4
436.12,223.4
436.14,216.9
436.16,209.7
436.17,205.9
436.19,197.9
436.21,189.6
436.22,185.3
436.24,176.6
436.25,172.3
436.27,163.5
436.29,154.8
436.3,150.5
436.32,142.1
436.34,134.1
436.35,130.3
436.37,123.0
436.39,116.2
436.4,113.1
436.42,107.4
436.44,102.5
436.45,100.3
436.47,96.6
436.49,93.74
436.5,92.63
436.52,91.09
436.54,90.45
436.55,90.47
436.57,91.17
436.59,92.78
436.6,93.91
436.62,96.84
436.63,98.64
436.65,102.9
436.67,108.0
436.68,110.9
436.7,117.4
436.72,124.8
436.73,128.9
436.75,137.9
436.77,147.9
436.78,153.4
436.8,165.4
436.82,178.8
436.83,186.2
436.85,202.2
436.87,220.3
436.88,230.2
436.9,251.9
436.92,276.5
436.93,290.0
436.95,319.7
436.96,335.9
436.98,371.6
437.0,411.8
437.01,433.8
437.03,481.9
437.05,535.7
437.06,564.9
437.08,628.1
437.1,698.1
437.11,735.7
437.13,816.4
437.15,904.4
437.16,951.2
437.18,1050.0
437.2,1157.0
437.21,1212.0
437.23,1329.0
437.25,1452.0
437.26,1516.0
437.28,1646.0
437.3,1781.0
437.31,1850.0
437.33,1989.0
437.34,2060.0
437.36,2200.0
437.38,2339.0
437.39,2408.0
437.41,2542.0
437.43,2672.0
437.44,2734.0
437.46,2852.0
437.48,2961.0
437.49,3011.0
437.51,3103.0
437.53,3181.0
437.54,3215.0
437.56,3272.0
437.58,3313.0
437.59,3327.0
437.61,3343.0
437.63,3343.0
437.64,3336.0
437.66,3310.0
437.68,3267.0
437.69,3240.0
437.71,3174.0
437.72,3136.0
437.74,3049.0
437.76,2949.0
437.77,2895.0
437.79,2780.0
437.81,2656.0
437.82,2592.0
437.84,2458.0
437.86,2321.0
437.87,2251.0
437.89,2110.0
437.91,1969.0
437.92,1899.0
437.94,1761.0
437.96,1626.0
437.97,1561.0
437.99,1434.0
438.01,1313.0
438.02,1254.0
438.04,1144.0
438.06,1041.0
438.07,992.6
438.09,901.9
438.1,859.5
438.12,781.0
438.14,710.6
438.15,678.4
438.17,619.6
438.19,568.1
438.2,544.9
438.22,503.5
438.24,468.1
438.25,452.5
438.27,425.1
438.29,402.2
438.3,392.4
438.32,375.3
438.34,361.2
438.35,355.2
438.37,344.8
438.39,336.2
438.4,332.4
438.42,325.7
438.43,322.6
438.45,316.7
438.47,311.1
438.48,308.3
438.5,302.6
438.52,296.5
438.53,293.3
438.55,286.5
438.57,279.2
438.58,275.2
438.6,266.9
438.62,257.9
438.63,253.3
438.65,243.5
438.67,233.2
438.68,227.9
438.7,217.1
438.72,206.0
438.73,200.5
438.75,189.3
438.77,178.1
438.78,172.6
438.8,161.7
438.81,156.4
438.83,146.0
438.85,136.1
438.86,131.3
438.88,122.1
438.9,113.5
438.91,109.5
438.93,101.8
438.95,94.93
438.96,91.74
438.98,85.89
439.0,80.77
439.01,78.49
439.03,74.46
439.05,71.16
439.06,69.77
439.08,67.52
439.1,65.96
439.11,65.44
439.13,64.89
439.15,65.0
439.16,65.3
439.18,66.37
439.19,67.14
439.21,69.16
439.23,71.8
439.24,73.36
439.26,76.93
439.28,81.13
439.29,83.47
439.31,88.61
439.33,94.39
439.34,97.52
439.36,104.3
439.38,111.6
439.39,115.6
439.41,123.9
439.43,132.9
439.44,137.6
439.46,147.5
439.48,157.9
439.49,163.4
439.51,174.6
439.53,186.4
439.54,192.4
439.56,204.7
439.57,211.0
439.59,223.7
439.61,236.6
439.62,243.1
439.64,256.1
439.66,268.9
439.67,275.2
439.69,287.6
439.71,299.6
439.72,305.3
439.74,316.4
439.76,326.7
439.77,331.5
439.79,340.4
439.81,348.3
439.82,351.8
439.84,358.0
439.86,362.9
439.87,364.9
439.89,368.0
439.9,369.0
439.92,370.1
439.94,370.0
439.95,369.5
439.97,367.6
439.99,364.7
440.0,362.9
440.02,358.6
440.04,353.5
440.05,350.8
440.07,344.9
440.09,338.7
440.1,335.5
440.12,329.2
440.14,322.9
440.15,319.9
440.17,314.2
440.19,308.9
440.2,306.6
440.22,302.4
440.24,299.1
440.25,297.8
440.27,295.9
440.28,295.4
440.3,295.2
440.32,296.1
440.33,296.9
440.35,299.6
440.37,303.3
440.38,305.5
440.4,310.9
440.42,317.2
440.43,320.6
440.45,328.2
440.47,336.6
440.48,341.0
440.5,350.3
440.52,360.0
440.53,365.0
440.55,375.2
440.57,385.6
440.58,390.8
440.6,401.1
440.62,411.3
440.63,416.3
440.65,426.0
440.66,430.8
440.68,439.8
440.7,448.3
440.71,452.3
440.73,459.7
440.75,466.3
440.76,469.3
440.78,474.6
440.8,478.9
440.81,480.6
440.83,483.3
440.85,484.8
440.86,485.2
440.88,485.0
440.9,483.6
440.91,482.5
440.93,479.3
440.95,474.9
440.96,472.2
440.98,466.1
441.0,458.8
441.01,454.8
441.03,445.9
441.04,441.1
441.06,430.9
441.08,419.8
441.09,413.9
441.11,401.8
441.13,389.1
441.14,382.5
441.16,369.1
441.18,355.5
441.19,348.6
441.21,334.7
441.23,320.9
441.24,314.0
441.26,300.4
441.28,287.0
441.29,280.4
441.31,267.6
441.33,255.1
441.34,249.1
441.36,237.5
441.37,231.8
441.39,221.0
441.41,210.8
441.42,205.9
441.44,196.5
441.46,187.7
441.47,183.5
441.49,175.6
441.51,168.2
441.52,164.7
441.54,158.0
441.56,151.9
441.57,148.9
441.59,143.5
441.61,138.4
441.62,136.0
441.64,131.6
441.66,127.6
441.67,125.7
441.69,122.4
441.71,119.4
441.72,118.1
441.74,115.9
441.75,114.9
441.77,113.4
441.79,112.5
441.8,112.2
441.82,112.1
441.84,112.7
441.85,113.2
441.87,114.8
441.89,117.0
441.9,118.4
441.92,121.8
441.94,125.9
441.95,128.2
441.97,133.4
441.99,139.4
442.0,142.6
442.02,149.7
442.04,157.4
442.05,161.5
442.07,170.1
442.09,179.3
442.1,184.0
442.12,193.9
442.13,199.0
442.15,209.3
442.17,219.9
442.18,225.3
442.2,236.1
442.22,246.8
442.23,252.2
442.25,262.8
442.27,273.2
442.28,278.3
442.3,288.2
442.32,297.7
442.33,302.3
442.35,311.1
442.37,319.3
442.38,323.2
442.4,330.6
442.42,337.3
442.43,340.4
442.45,346.1
442.46,348.8
442.48,353.6
442.5,357.8
442.51,359.7
442.53,363.1
442.55,366.0
442.56,367.3
442.58,369.4
442.6,371.2
442.61,372.0
442.63,373.3
442.65,374.3
442.66,374.8
442.68,375.5
442.7,376.1
442.71,376.3
442.73,376.7
442.75,377.1
442.76,377.3
442.78,377.7
442.8,378.1
442.81,378.3
442.83,378.7
442.84,379.0
442.86,379.7
442.88,380.4
442.89,380.9
442.91,381.9
442.93,383.2
442.94,384.0
442.96,385.8
442.98,387.9
442.99,389.1
443.01,392.0
443.03,395.5
443.04,397.5
443.06,402.0
443.08,407.5
443.09,410.5
443.11,417.4
443.13,425.4
443.14,429.9
443.16,439.8
443.18,451.1
443.19,457.3
443.21,470.7
443.22,478.0
443.24,493.6
443.26,510.8
443.27,519.9
443.29,539.1
443.31,559.6
443.32,570.3
443.34,592.4
443.36,615.4
443.37,627.1
443.39,650.8
443.41,674.7
443.42,686.6
443.44,710.0
443.46,732.8
443.47,743.8
443.49,764.8
443.51,784.1
443.52,793.1
443.54,809.3
443.56,823.0
443.57,828.8
443.59,838.2
443.6,841.7
443.62,846.3
443.64,847.4
443.65,846.7
443.67,842.4
443.69,834.6
443.7,829.4
443.72,816.2
443.74,799.7
443.75,790.2
443.77,768.9
443.79,744.8
443.8,731.8
443.82,704.0
443.84,674.1
443.85,658.5
443.87,626.2
443.89,592.8
443.9,575.8
443.92,541.4
443.93,524.1
443.95,489.6
443.97,455.3
443.98,438.4
444.0,405.3
444.02,373.1
444.03,357.5
444.05,327.4
444.07,298.7
444.08,285.0
444.1,259.0
444.12,234.8
444.13,223.3
444.15,201.9
444.17,182.3
444.18,173.3
444.2,156.5
444.22,141.4
444.23,134.6
444.25,122.0
444.27,111.1
444.28,106.2
444.3,97.32
444.31,93.4
444.33,86.46
444.35,80.64
444.36,78.12
444.38,73.78
444.4,70.31
444.41,68.87
444.43,66.54
444.45,64.87
444.46,64.26
444.48,63.45
444.5,63.17
444.51,63.21
444.53,63.63
444.55,64.48
444.56,65.06
444.58,66.53
444.6,68.41
444.61,69.5
444.63,71.98
444.65,74.88
444.66,76.48
444.68,80.02
444.69,81.95
444.71,86.16
444.73,90.84
444.74,93.36
444.76,98.79
444.78,104.7
444.79,107.9
444.81,114.7
444.83,122.0
444.84,125.9
444.86,134.2
444.88,143.1
444.89,147.8
444.91,157.7
444.93,168.3
444.94,173.9
444.96,185.7
444.98,198.2
444.99,204.9
445.01,218.7
445.03,233.5
445.04,241.2
445.06,257.4
445.07,265.9
445.09,283.6
445.11,302.3
445.12,312.1
445.14,332.4
445.16,353.7
445.17,364.8
445.19,387.6
445.21,411.4
445.22,423.6
445.24,448.6
445.26,474.3
445.27,487.3
445.29,513.8
445.31,540.4
445.32,553.8
445.34,580.4
445.36,606.7
445.37,619.6
445.39,644.9
445.4,657.2
445.42,680.8
445.44,702.9
445.45,713.3
445.47,732.6
445.49,749.7
445.5,757.4
445.52,770.7
445.54,781.1
445.55,785.2
445.57,791.1
445.59,793.7
445.6,793.8
445.62,791.4
445.64,785.6
445.65,781.5
445.67,770.8
445.69,756.9
445.7,748.8
445.72,730.5
445.74,709.4
445.75,697.9
445.77,673.3
445.78,660.1
445.8,632.5
445.82,603.4
445.83,588.3
445.85,557.4
445.87,525.8
445.88,509.8
445.9,477.7
445.92,445.7
445.93,429.8
445.95,398.3
445.97,367.6
445.98,352.7
446.0,323.5
446.02,295.6
446.03,282.1
446.05,256.3
446.07,232.1
446.08,220.5
446.1,198.8
446.12,178.7
446.13,169.3
446.15,151.8
446.16,143.7
446.18,128.7
446.2,115.4
446.21,109.3
446.23,98.41
446.25,89.0
446.26,84.84
446.28,77.6
446.3,71.71
446.31,69.26
446.33,65.29
446.35,62.52
446.36,61.57
446.38,60.5
446.4,60.49
446.41,60.87
446.43,62.35
446.45,64.77
446.46,66.32
446.48,70.05
446.5,74.6
446.51,77.17
446.53,82.86
446.54,85.96
446.56,92.67
446.58,99.98
446.59,103.8
446.61,112.0
446.63,120.5
446.64,124.9
446.66,133.9
446.68,143.2
446.69,147.9
446.71,157.3
446.73,166.7
446.74,171.3
446.76,180.5
446.78,189.3
446.79,193.5
446.81,201.7
446.83,209.3
446.84,212.8
446.86,219.3
446.87,222.3
446.89,227.6
446.91,231.9
446.92,233.6
446.94,236.4
446.96,238.1
446.97,238.6
446.99,238.6
447.01,237.6
447.02,236.7
447.04,234.0
447.06,230.3
447.07,228.1
447.09,223.0
447.11,217.1
447.12,213.8
447.14,206.8
447.16,199.1
447.17,195.1
447.19,186.7
447.21,178.1
447.22,173.6
447.24,164.7
447.25,160.2
447.27,151.3
447.29,142.5
447.3,138.1
447.32,129.7
447.34,121.6
447.35,117.8
447.37,110.4
447.39,103.5
447.4,100.3
447.42,94.31
447.44,88.94
447.45,86.5
447.47,82.09
447.49,78.32
447.5,76.68
447.52,73.85
447.54,71.62
447.55,70.73
447.57,69.35
447.59,68.49
447.6,68.24
447.62,68.08
447.63,68.16
447.65,68.6
447.67,69.37
447.68,69.87
447.7,71.07
447.72,72.49
447.73,73.27
447.75,74.94
447.77,76.73
447.78,77.65
447.8,79.54
447.82,81.46
447.83,82.42
447.85,84.33
447.87,86.19
447.88,87.1
447.9,88.85
447.92,90.52
447.93,91.31
447.95,92.8
447.97,94.16
447.98,94.78
448.0,95.92
448.01,96.43
448.03,97.32
448.05,98.03
448.06,98.32
448.08,98.76
448.1,99.01
448.11,99.06
448.13,99.02
448.15,98.77
448.16,98.57
448.18,98.02
448.2,97.26
448.21,96.81
448.23,95.77
448.25,94.53
448.26,93.85
448.28,92.35
448.3,90.69
448.31,89.81
448.33,87.94
448.34,86.95
448.36,84.91
448.38,82.78
448.39,81.69
448.41,79.46
448.43,77.19
448.44,76.05
448.46,73.78
448.48,71.52
448.49,70.4
448.51,68.2
448.53,66.07
448.54,65.03
448.56,63.01
448.58,61.09
448.59,60.17
448.61,58.41
448.63,56.76
448.64,55.97
448.66,54.48
448.68,53.1
448.69,52.45
448.71,51.23
448.72,50.65
448.74,49.56
448.76,48.55
448.77,48.08
448.79,47.18
448.81,46.34
448.82,45.94
448.84,45.19
448.86,44.48
448.87,44.15
448.89,43.52
448.91,42.93
448.92,42.66
448.94,42.17
448.96,41.74
448.97,41.55
448.99,41.25
449.01,41.05
449.02,41.0
449.04,40.99
449.06,41.14
449.07,41.28
449.09,41.7
449.1,41.99
449.12,42.74
449.14,43.74
449.15,44.34
449.17,45.76
449.19,47.49
449.2,48.47
449.22,50.69
449.24,53.26
449.25,54.68
449.27,57.78
449.29,61.25
449.3,63.13
449.32,67.14
449.34,71.49
449.35,73.8
449.37,78.64
449.39,83.78
449.4,86.45
449.42,91.97
449.44,97.69
449.45,100.6
449.47,106.5
449.48,109.5
449.5,115.5
449.52,121.5
449.53,124.5
449.55,130.4
449.57,136.1
449.58,138.8
449.6,144.1
449.62,149.0
449.63,151.4
449.65,155.7
449.67,159.5
449.68,161.3
449.7,164.3
449.72,166.7
449.73,167.7
449.75,169.2
449.77,170.0
449.78,170.2
449.8,170.1
449.81,169.7
449.83,168.6
449.85,166.9
449.86,165.8
449.88,163.1
449.9,160.0
449.91,158.2
449.93,154.3
449.95,149.9
449.96,147.6
449.98,142.8
450.0,137.7
450.01,135.0
450.03,129.6
450.05,124.1
450.06,121.3
450.08,115.7
450.1,110.2
450.11,107.4
450.13,102.0
450.15,96.74
450.16,94.18
450.18,89.22
450.19,86.83
450.21,82.24
450.23,77.94
450.24,75.91
450.26,72.09
450.28,68.6
450.29,66.99
450.31,64.04
450.33,61.45
450.34,60.29
450.36,58.26
450.38,56.61
450.39,55.93
450.41,54.85
450.43,54.16
450.44,53.95
450.46,53.83
450.48,54.09
450.49,54.36
450.51,55.2
450.53,56.41
450.54,57.16
450.56,58.94
450.57,59.97
450.59,62.31
450.61,65.02
450.62,66.51
450.64,69.76
450.66,73.36
450.67,75.28
450.69,79.37
450.71,83.76
450.72,86.07
450.74,90.88
450.76,95.93
450.77,98.53
450.79,103.9
450.81,109.4
450.82,112.2
450.84,117.8
450.86,123.5
450.87,126.3
450.89,131.9
450.9,134.6
450.92,140.0
450.94,145.1
450.95,147.6
450.97,152.3
450.99,156.7
451.0,158.7
451.02,162.4
451.04,165.6
451.05,167.0
451.07,169.3
451.09,171.0
451.1,171.6
451.12,172.4
451.14,172.5
451.15,172.3
451.17,171.4
451.19,169.9
451.2,168.9
451.22,166.4
451.24,163.4
451.25,161.7
451.27,157.9
451.28,155.8
451.3,151.3
451.32,146.5
451.33,143.9
451.35,138.7
451.37,133.2
451.38,130.4
451.4,124.8
451.42,119.2
451.43,116.4
451.45,110.8
451.47,105.3
451.48,102.7
451.5,97.47
451.52,92.54
451.53,90.18
451.55,85.68
451.57,81.5
451.58,79.54
451.6,75.89
451.62,72.62
451.63,71.12
451.65,68.41
451.66,67.2
451.68,65.07
451.7,63.31
451.71,62.58
451.73,61.38
451.75,60.54
451.76,60.25
451.78,59.93
451.8,59.93
451.81,60.06
451.83,60.53
451.85,61.3
451.86,61.8
451.88,62.99
451.9,64.45
451.91,65.28
451.93,67.11
451.95,69.17
451.96,70.28
451.98,72.67
452.0,75.24
452.01,76.6
452.03,79.43
452.04,80.91
452.06,83.96
452.08,87.12
452.09,88.74
452.11,92.04
452.13,95.4
452.14,97.09
452.16,100.5
452.18,103.9
452.19,105.6
452.21,108.9
452.23,112.1
452.24,113.7
452.26,116.8
452.28,119.7
452.29,121.1
452.31,123.8
452.33,126.3
452.34,127.5
452.36,129.7
452.37,130.8
452.39,132.7
452.41,134.4
452.42,135.1
452.44,136.5
452.46,137.7
452.47,138.2
452.49,139.0
452.51,139.7
452.52,140.0
452.54,140.4
452.56,140.7
452.57,140.7
452.59,140.8
452.61,140.7
452.62,140.7
452.64,140.4
452.66,140.1
452.67,139.9
452.69,139.4
452.71,138.9
452.72,138.5
452.74,137.9
452.75,137.5
452.77,136.7
452.79,135.9
452.8,135.5
452.82,134.6
452.84,133.6
452.85,133.2
452.87,132.2
452.89,131.2
452.9,130.8
452.92,129.9
452.94,129.0
452.95,128.7
452.97,128.0
452.99,127.4
453.0,127.2
453.02,126.9
453.04,126.8
453.05,126.9
453.07,127.2
453.09,127.8
453.1,128.2
453.12,129.2
453.13,129.9
453.15,131.4
453.17,133.3
453.18,134.3
453.2,136.7
453.22,139.3
453.23,140.8
453.25,143.8
453.27,147.1
453.28,148.9
453.3,152.4
453.32,156.1
453.33,158.0
453.35,161.7
453.37,165.4
453.38,167.2
453.4,170.7
453.42,173.9
453.43,175.4
453.45,178.2
453.47,180.6
453.48,181.7
453.5,183.4
453.51,184.0
453.53,184.9
453.55,185.2
453.56,185.1
453.58,184.5
453.6,183.2
453.61,182.4
453.63,180.1
453.65,177.3
453.66,175.6
453.68,171.8
453.7,167.5
453.71,165.1
453.73,160.0
453.75,154.5
453.76,151.6
453.78,145.5
453.8,139.1
453.81,135.8
453.83,129.1
453.84,125.7
453.86,118.8
453.88,111.9
453.89,108.4
453.91,101.6
453.93,94.84
453.94,91.53
453.96,85.06
453.98,78.82
453.99,75.8
454.01,69.99
454.03,64.49
454.04,61.87
454.06,56.89
454.08,52.28
454.09,50.11
454.11,46.07
454.13,42.41
454.14,40.72
454.16,37.63
454.18,34.9
454.19,33.67
454.21,31.48
454.22,30.52
454.24,28.83
454.26,27.45
454.27,26.88
454.29,25.94
454.31,25.27
454.32,25.03
454.34,24.73
454.36,24.65
454.37,24.69
454.39,24.92
454.41,25.34
454.42,25.61
454.44,26.27
454.46,27.09
454.47,27.55
454.49,28.58
454.51,29.73
454.52,30.36
454.54,31.69
454.56,33.13
454.57,33.89
454.59,35.49
454.6,36.32
454.62,38.06
454.64,39.88
454.65,40.81
454.67,42.75
454.69,44.74
454.7,45.76
454.72,47.83
454.74,49.93
454.75,50.99
454.77,53.12
454.79,55.24
454.8,56.29
454.82,58.37
454.84,60.4
454.85,61.38
454.87,63.29
454.89,65.09
454.9,65.94
454.92,67.53
454.94,68.96
454.95,69.6
454.97,70.75
454.98,71.24
455.0,72.06
455.02,72.65
455.03,72.85
455.05,73.06
455.07,73.01
455.08,72.89
455.1,72.45
455.12,71.75
455.13,71.31
455.15,70.23
455.17,68.92
455.18,68.17
455.2,66.53
455.22,64.69
455.23,63.7
455.25,61.61
455.27,59.37
455.28,58.21
455.3,55.81
455.31,54.58
455.33,52.08
455.35,49.55
455.36,48.27
455.38,45.72
455.4,43.2
455.41,41.95
455.43,39.5
455.45,37.12
455.46,35.97
455.48,33.72
455.5,31.59
455.51,30.56
455.53,28.6
455.55,26.76
455.56,25.9
455.58,24.26
455.6,22.75
455.61,22.04
455.63,20.73
455.65,19.54
455.66,18.99
455.68,17.98
455.69,17.52
455.71,16.68
455.73,15.94
455.74,15.61
455.76,15.01
455.78,14.5
455.79,14.27
455.81,13.88
455.83,13.55
455.84,13.41
455.86,13.18
455.88,13.0
455.89,12.93
455.91,12.82
455.93,12.76
455.94,12.75
455.96,12.75
455.98,12.79
455.99,12.82
456.01,12.9
456.03,13.02
456.04,13.09
456.06,13.24
456.07,13.33
456.09,13.52
456.11,13.74
456.12,13.85
456.14,14.09
456.16,14.35
456.17,14.49
456.19,14.76
456.21,15.05
456.22,15.19
456.24,15.48
456.26,15.77
456.27,15.91
456.29,16.19
456.31,16.45
456.32,16.58
456.34,16.81
456.36,17.03
456.37,17.13
456.39,17.3
456.41,17.44
456.42,17.5
456.44,17.59
456.45,17.62
456.47,17.65
456.49,17.65
456.5,17.63
456.52,17.58
456.54,17.49
456.55,17.43
456.57,17.3
456.59,17.14
456.6,17.06
456.62,16.88
456.64,16.7
456.65,16.61
456.67,16.43
456.69,16.28
456.7,16.21
456.72,16.09
456.74,16.02
456.75,16.0
456.77,16.01
456.78,16.03
456.8,16.14
456.82,16.31
456.83,16.43
456.85,16.73
456.87,17.12
456.88,17.35
456.9,17.87
456.92,18.49
456.93,18.83
456.95,19.58
456.97,20.41
456.98,20.85
457.0,21.8
457.02,22.81
457.03,23.34
457.05,24.43
457.07,25.56
457.08,26.14
457.1,27.3
457.12,28.48
457.13,29.06
457.15,30.22
457.16,30.79
457.18,31.91
457.2,32.99
457.21,33.51
457.23,34.51
457.25,35.45
457.26,35.9
457.28,36.74
457.3,37.52
457.31,37.89
457.33,38.57
457.35,39.2
457.36,39.49
457.38,40.06
457.4,40.6
457.41,40.86
457.43,41.39
457.45,41.93
457.46,42.21
457.48,42.82
457.5,43.49
457.51,43.86
457.53,44.67
457.54,45.12
457.56,46.12
457.58,47.27
457.59,47.91
457.61,49.32
457.63,50.93
457.64,51.81
457.66,53.73
457.68,55.87
457.69,57.02
457.71,59.5
457.73,62.2
457.74,63.63
457.76,66.67
457.78,69.91
457.79,71.61
457.81,75.14
457.83,78.86
457.84,80.77
457.86,84.71
457.88,88.78
457.89,90.85
457.91,95.05
457.92,97.17
457.94,101.5
457.96,105.8
457.97,107.9
457.99,112.2
458.01,116.4
458.02,118.5
458.04,122.7
458.06,126.7
458.07,128.7
458.09,132.5
458.11,136.2
458.12,138.0
458.14,141.4
458.16,144.7
458.17,146.3
458.19,149.2
458.21,152.0
458.22,153.4
458.24,155.9
458.25,157.0
458.27,159.2
458.29,161.2
458.3,162.2
458.32,163.9
458.34,165.4
458.35,166.1
458.37,167.4
458.39,168.4
458.4,168.9
458.42,169.6
458.44,170.2
458.45,170.4
458.47,170.7
458.49,170.7
458.5,170.7
458.52,170.4
458.54,169.8
458.55,169.4
458.57,168.5
458.59,167.2
458.6,166.5
458.62,164.8
458.63,163.9
458.65,161.7
458.67,159.3
458.68,157.9
458.7,155.0
458.72,151.8
458.73,150.0
458.75,146.4
458.77,142.4
458.78,140.3
458.8,136.0
458.82,131.4
458.83,129.1
458.85,124.3
458.87,119.4
458.88,116.9
458.9,111.9
458.92,106.9
458.93,104.3
458.95,99.38
458.97,94.5
458.98,92.12
459.0,87.47
459.01,85.21
459.03,80.87
459.05,76.78
459.06,74.84
459.08,71.16
459.1,67.8
459.11,66.24
459.13,63.36
459.15,60.82
459.16,59.67
459.18,57.62
459.2,55.9
459.21,55.15
459.23,53.88
459.25,52.9
459.26,52.5
459.28,51.89
459.3,51.49
459.31,51.36
459.33,51.22
459.35,51.22
459.36,51.25
459.38,51.38
459.39,51.46
459.41,51.65
459.43,51.83
459.44,51.91
459.46,52.04
459.48,52.09
459.49,52.09
459.51,51.99
459.53,51.78
459.54,51.62
459.56,51.2
459.58,50.63
459.59,50.29
459.61,49.49
459.63,48.54
459.64,48.01
459.66,46.84
459.68,45.54
459.69,44.84
459.71,43.36
459.72,42.58
459.74,40.96
459.76,39.26
459.77,38.38
459.79,36.6
459.81,34.79
459.82,33.88
459.84,32.06
459.86,30.25
459.87,29.36
459.89,27.6
459.91,25.91
459.92,25.08
459.94,23.49
459.96,21.99
459.97,21.27
459.99,19.91
460.01,18.66
460.02,18.08
460.04,17.0
460.06,16.04
460.07,15.6
460.09,14.82
460.1,14.47
460.12,13.86
460.14,13.37
460.15,13.16
460.17,12.84
460.19,12.62
460.2,12.54
460.22,12.47
460.24,12.48
460.25,12.52
460.27,12.65
460.29,12.85
460.3,12.98
460.32,13.27
460.34,13.61
460.35,13.8
460.37,14.19
460.39,14.62
460.4,14.84
460.42,15.29
460.44,15.75
460.45,15.97
460.47,16.42
460.48,16.64
460.5,17.07
460.52,17.47
460.53,17.66
460.55,18.01
460.57,18.32
460.58,18.46
460.6,18.7
460.62,18.89
460.63,18.96
460.65,19.07
460.67,19.11
460.68,19.11
460.7,19.06
460.72,18.95
460.73,18.87
460.75,18.68
460.77,18.42
460.78,18.27
460.8,17.93
460.81,17.75
460.83,17.34
460.85,16.89
460.86,16.65
460.88,16.15
460.9,15.62
460.91,15.34
460.93,14.78
460.95,14.21
460.96,13.92
460.98,13.34
461.0,12.77
461.01,12.49
461.03,11.93
461.05,11.39
461.06,11.13
461.08,10.63
461.1,10.15
461.11,9.93
461.13,9.508
461.15,9.123
461.16,8.945
461.18,8.62
461.19,8.473
461.21,8.209
461.23,7.988
461.24,7.893
461.26,7.734
461.28,7.616
461.29,7.572
461.31,7.512
461.33,7.489
461.34,7.491
461.36,7.519
461.38,7.578
461.39,7.619
461.41,7.72
461.43,7.846
461.44,7.917
461.46,8.074
461.48,8.249
461.49,8.342
461.51,8.537
461.53,8.743
461.54,8.849
461.56,9.064
461.57,9.173
461.59,9.392
461.61,9.611
461.62,9.719
461.64,9.931
461.66,10.14
461.67,10.24
461.69,10.43
461.71,10.61
461.72,10.69
461.74,10.85
461.76,10.99
461.77,11.06
461.79,11.18
461.81,11.28
461.82,11.32
461.84,11.4
461.86,11.46
461.87,11.48
461.89,11.52
461.91,11.55
461.92,11.56
461.94,11.58
461.95,11.59
461.97,11.6
461.99,11.61
462.0,11.62
462.02,11.65
462.04,11.69
462.05,11.72
462.07,11.79
462.09,11.9
462.1,11.97
462.12,12.13
462.14,12.34
462.15,12.47
462.17,12.77
462.19,13.14
462.2,13.35
462.22,13.83
462.24,14.4
462.25,14.72
462.27,15.43
462.28,15.83
462.3,16.7
462.32,17.69
462.33,18.23
462.35,19.4
462.37,20.69
462.38,21.39
462.4,22.88
462.42,24.5
462.43,25.35
462.45,27.16
462.47,29.1
462.48,30.11
462.5,32.21
462.52,34.42
462.53,35.56
462.55,37.91
462.57,40.32
462.58,41.55
462.6,44.04
462.62,46.56
462.63,47.82
462.65,50.33
462.66,51.58
462.68,54.04
462.7,56.42
462.71,57.58
462.73,59.82
462.75,61.91
462.76,62.9
462.78,64.75
462.8,66.41
462.81,67.15
462.83,68.48
462.85,69.55
462.86,69.99
462.88,70.67
462.9,71.08
462.91,71.17
462.93,71.15
462.95,70.84
462.96,70.57
462.98,69.83
463.0,68.82
463.01,68.22
463.03,66.82
463.04,66.02
463.06,64.27
463.08,62.31
463.09,61.25
463.11,59.02
463.13,56.64
463.14,55.4
463.16,52.84
463.18,50.19
463.19,48.85
463.21,46.13
463.23,43.39
463.24,42.02
463.26,39.31
463.28,36.63
463.29,35.31
463.31,32.73
463.33,30.24
463.34,29.03
463.36,26.69
463.38,24.48
463.39,23.41
463.41,21.39
463.42,20.43
463.44,18.62
463.46,16.95
463.47,16.17
463.49,14.71
463.51,13.4
463.52,12.79
463.54,11.68
463.56,10.71
463.57,10.27
463.59,9.483
463.61,8.818
463.62,8.529
463.64,8.035
463.66,7.648
463.67,7.493
463.69,7.257
463.71,7.116
463.72,7.079
463.74,7.073
463.75,7.103
463.77,7.225
463.79,7.431
463.8,7.564
463.82,7.892
463.84,8.3
463.85,8.535
463.87,9.064
463.89,9.676
463.9,10.01
463.92,10.75
463.94,11.57
463.95,12.01
463.97,12.96
463.99,14.0
464.0,14.55
464.02,15.71
464.04,16.97
464.05,17.63
464.07,19.01
464.09,20.47
464.1,21.23
464.12,22.8
464.13,23.61
464.15,25.29
464.17,27.02
464.18,27.9
464.2,29.7
464.22,31.52
464.23,32.44
464.25,34.29
464.27,36.13
464.28,37.05
464.3,38.85
464.32,40.62
464.33,41.48
464.35,43.14
464.37,44.72
464.38,45.47
464.4,46.89
464.42,48.19
464.43,48.78
464.45,49.86
464.47,50.78
464.48,51.18
464.5,51.84
464.51,52.11
464.53,52.49
464.55,52.69
464.56,52.72
464.58,52.63
464.6,52.35
464.61,52.14
464.63,51.59
464.65,50.85
464.66,50.42
464.68,49.44
464.7,48.3
464.71,47.68
464.73,46.34
464.75,44.87
464.76,44.1
464.78,42.5
464.8,40.81
464.81,39.94
464.83,38.17
464.85,36.36
464.86,35.44
464.88,33.61
464.89,32.69
464.91,30.87
464.93,29.07
464.94,28.18
464.96,26.44
464.98,24.76
464.99,23.94
465.01,22.36
465.03,20.86
465.04,20.13
465.06,18.76
465.08,17.48
465.09,16.88
465.11,15.74
465.13,14.71
465.14,14.23
465.16,13.35
465.18,12.57
465.19,12.22
465.21,11.59
465.22,11.31
465.24,10.83
465.26,10.44
465.27,10.28
465.29,10.02
465.31,9.855
465.32,9.802
465.34,9.756
465.36,9.787
465.37,9.83
465.39,9.969
465.41,10.18
465.42,10.3
465.44,10.61
465.46,10.97
465.47,11.17
465.49,11.62
465.51,12.12
465.52,12.39
465.54,12.97
465.56,13.6
465.57,13.93
465.59,14.63
465.6,14.99
465.62,15.76
465.64,16.57
465.65,17.0
465.67,17.88
465.69,18.81
465.7,19.29
465.72,20.29
465.74,21.33
465.75,21.87
465.77,22.99
465.79,24.17
465.8,24.77
465.82,26.03
465.84,27.34
465.85,28.02
465.87,29.42
465.89,30.88
465.9,31.64
465.92,33.21
465.94,34.84
465.95,35.69
465.97,37.44
465.98,38.34
466.0,40.2
466.02,42.13
466.03,43.13
466.05,45.18
466.07,47.3
466.08,48.39
466.1,50.63
466.12,52.94
466.13,54.11
466.15,56.52
466.17,58.98
466.18,60.22
466.2,62.75
466.22,65.32
466.23,66.62
466.25,69.22
466.27,71.84
466.28,73.16
466.3,75.77
466.32,78.37
466.33,79.66
466.35,82.22
466.36,83.48
466.38,85.96
466.4,88.37
466.41,89.55
466.43,91.85
466.45,94.05
466.46,95.11
466.48,97.15
466.5,99.08
466.51,100.0
466.53,101.7
466.55,103.3
466.56,104.1
466.58,105.5
466.6,106.7
466.61,107.2
466.63,108.2
466.65,109.1
466.66,109.4
466.68,110.0
466.69,110.3
466.71,110.6
466.73,110.8
466.74,110.8
466.76,110.7
466.78,110.4
466.79,110.2
466.81,109.7
466.83,109.0
466.84,108.6
466.86,107.6
466.88,106.5
466.89,105.9
466.91,104.5
466.93,103.0
466.94,102.1
466.96,100.4
466.98,98.52
466.99,97.53
467.01,95.47
467.03,93.31
467.04,92.2
467.06,89.92
467.07,88.75
467.09,86.39
467.11,84.0
467.12,82.79
467.14,80.39
467.16,78.0
467.17,76.81
467.19,74.48
467.21,72.22
467.22,71.11
467.24,68.96
467.26,66.91
467.27,65.92
467.29,64.04
467.31,62.27
467.32,61.43
467.34,59.85
467.36,58.4
467.37,57.72
467.39,56.45
467.41,55.3
467.42,54.77
467.44,53.79
467.45,53.33
467.47,52.5
467.49,51.75
467.5,51.4
467.52,50.76
467.54,50.19
467.55,49.92
467.57,49.42
467.59,48.97
467.6,48.76
467.62,48.37
467.64,48.02
467.65,47.86
467.67,47.57
467.69,47.33
467.7,47.23
467.72,47.07
467.74,46.97
467.75,46.95
467.77,46.98
467.79,47.1
467.8,47.2
467.82,47.49
467.83,47.68
467.85,48.16
467.87,48.78
467.88,49.15
467.9,50.01
467.92,51.03
467.93,51.6
467.95,52.87
467.97,54.3
467.98,55.07
468.0,56.74
468.02,58.55
468.03,59.5
468.05,61.5
468.07,63.6
468.08,64.68
468.1,66.88
468.12,69.13
468.13,70.26
468.15,72.5
468.16,73.61
468.18,75.79
468.2,77.88
468.21,78.89
468.23,80.79
468.25,82.53
468.26,83.33
468.28,84.77
468.3,85.98
468.31,86.49
468.33,87.31
468.35,87.85
468.36,88.01
468.38,88.12
468.4,87.93
468.41,87.72
468.43,87.07
468.45,86.14
468.46,85.57
468.48,84.21
468.5,82.6
468.51,81.7
468.53,79.73
468.54,78.66
468.56,76.38
468.58,73.94
468.59,72.66
468.61,70.01
468.63,67.25
468.64,65.84
468.66,62.98
468.68,60.09
468.69,58.63
468.71,55.73
468.73,52.85
468.74,51.43
468.76,48.63
468.78,45.9
468.79,44.57
468.81,41.97
468.83,39.48
468.84,38.28
468.86,35.96
468.88,33.76
468.89,32.71
468.91,30.7
468.92,29.74
468.94,27.92
468.96,26.22
468.97,25.41
468.99,23.89
469.01,22.47
469.02,21.8
469.04,20.53
469.06,19.36
469.07,18.8
469.09,17.75
469.11,16.78
469.12,16.31
469.14,15.43
469.16,14.61
469.17,14.22
469.19,13.46
469.21,12.75
469.22,12.41
469.24,11.75
469.26,11.12
469.27,10.81
469.29,10.22
469.3,9.936
469.32,9.382
469.34,8.851
469.35,8.593
469.37,8.095
469.39,7.621
469.4,7.392
469.42,6.954
469.44,6.542
469.45,6.347
469.47,5.979
469.49,5.645
469.5,5.491
469.52,5.212
469.54,4.975
469.55,4.874
469.57,4.707
469.59,4.592
469.6,4.556
469.62,4.529
469.63,4.54
469.65,4.613
469.67,4.759
469.68,4.861
469.7,5.129
469.72,5.485
469.73,5.698
469.75,6.198
469.77,6.802
469.78,7.145
469.8,7.916
469.82,8.805
469.83,9.295
469.85,10.37
469.87,11.57
469.88,12.22
469.9,13.63
469.92,15.16
469.93,15.98
469.95,17.71
469.97,19.57
469.98,20.54
470.0,22.59
470.01,23.65
470.03,25.85
470.05,28.15
470.06,29.33
470.08,31.74
470.1,34.2
470.11,35.45
470.13,37.96
470.15,40.47
470.16,41.72
470.18,44.2
470.2,46.61
470.21,47.79
470.23,50.07
470.25,52.23
470.26,53.26
470.28,55.2
470.3,56.95
470.31,57.75
470.33,59.19
470.35,60.4
470.36,60.92
470.38,61.76
470.39,62.08
470.41,62.52
470.43,62.69
470.44,62.67
470.46,62.43
470.48,61.93
470.49,61.57
470.51,60.68
470.53,59.54
470.54,58.89
470.56,57.42
470.58,55.75
470.59,54.85
470.61,52.92
470.63,50.85
470.64,49.77
470.66,47.54
470.68,45.22
470.69,44.04
470.71,41.66
470.72,40.45
470.74,38.05
470.76,35.65
470.77,34.47
470.79,32.13
470.81,29.86
470.82,28.75
470.84,26.59
470.86,24.52
470.87,23.52
470.89,21.61
470.91,19.81
470.92,18.95
470.94,17.31
470.96,15.79
470.97,15.08
470.99,13.73
471.01,12.49
471.02,11.91
471.04,10.82
471.06,9.836
471.07,9.377
471.09,8.526
471.1,8.131
471.12,7.4
471.14,6.74
471.15,6.435
471.17,5.871
471.19,5.364
471.2,5.129
471.22,4.694
471.24,4.302
471.25,4.12
471.27,3.782
471.29,3.475
471.3,3.332
471.32,3.065
471.34,2.82
471.35,2.706
471.37,2.491
471.39,2.293
471.4,2.2
471.42,2.025
471.44,1.863
471.45,1.786
471.47,1.642
471.48,1.574
471.5,1.445
471.52,1.326
471.53,1.27
471.55,1.164
471.57,1.067
471.58,1.021
471.6,0.9358
471.62,0.8576
471.63,0.8213
471.65,0.7537
471.67,0.6927
471.68,0.6647
471.7,0.6133
471.72,0.5679
471.73,0.5474
471.75,0.5107
471.77,0.4797
471.78,0.4662
471.8,0.4432
471.82,0.4256
471.83,0.4187
471.85,0.4089
471.86,0.406
471.88,0.404
471.9,0.4073
471.91,0.4109
471.93,0.4222
471.95,0.439
471.96,0.4495
471.98,0.4749
472.0,0.5062
472.01,0.5242
472.03,0.5648
472.05,0.612
472.06,0.6381
472.08,0.6956
472.1,0.7603
472.11,0.7955
472.13,0.8715
472.15,0.9554
472.16,1.0
472.18,1.097
472.19,1.148
472.21,1.257
472.23,1.374
472.24,1.437
472.26,1.567
472.28,1.707
472.29,1.781
472.31,1.934
472.33,2.097
472.34,2.181
472.36,2.357
472.38,2.541
472.39,2.636
472.41,2.833
472.43,3.038
472.44,3.143
472.46,3.36
472.48,3.584
472.49,3.699
472.51,3.935
472.53,4.178
472.54,4.302
472.56,4.557
472.57,4.688
472.59,4.956
472.61,5.233
472.62,5.376
472.64,5.669
472.66,5.976
472.67,6.134
472.69,6.464
472.71,6.812
472.72,6.994
472.74,7.376
472.76,7.785
472.77,8.0
472.79,8.457
472.81,8.952
472.82,9.215
472.84,9.776
472.86,10.39
472.87,10.72
472.89,11.41
472.91,12.18
472.92,12.59
472.94,13.46
472.95,13.92
472.97,14.92
472.99,15.99
473.0,16.56
473.02,17.77
473.04,19.08
473.05,19.76
473.07,21.2
473.09,22.74
473.1,23.53
473.12,25.2
473.14,26.94
473.15,27.85
473.17,29.7
473.19,31.61
473.2,32.59
473.22,34.58
473.24,36.59
473.25,37.61
473.27,39.64
473.29,41.66
473.3,42.66
473.32,44.63
473.33,45.6
473.35,47.49
473.37,49.29
473.38,50.15
473.4,51.8
473.42,53.32
473.43,54.02
473.45,55.33
473.47,56.46
473.48,56.97
473.5,57.84
473.52,58.53
473.53,58.81
473.55,59.21
473.57,59.41
473.58,59.44
473.6,59.35
473.62,59.07
473.63,58.86
473.65,58.31
473.66,57.97
473.68,57.16
473.7,56.2
473.71,55.67
473.73,54.5
473.75,53.21
473.76,52.53
473.78,51.09
473.8,49.57
473.81,48.79
473.83,47.18
473.85,45.52
473.86,44.68
473.88,42.99
473.9,41.28
473.91,40.43
473.93,38.73
473.95,37.05
473.96,36.22
473.98,34.59
474.0,32.99
474.01,32.21
474.03,30.68
474.04,29.94
474.06,28.5
474.08,27.11
474.09,26.44
474.11,25.15
474.13,23.92
474.14,23.33
474.16,22.21
474.18,21.15
474.19,20.65
474.21,19.7
474.23,18.82
474.24,18.4
474.26,17.63
474.28,16.92
474.29,16.6
474.31,16.0
474.33,15.48
474.34,15.24
474.36,14.83
474.38,14.48
474.39,14.34
474.41,14.1
474.42,14.0
474.44,13.87
474.46,13.8
474.47,13.79
474.49,13.83
474.51,13.92
474.52,13.99
474.54,14.18
474.56,14.43
474.57,14.58
474.59,14.91
474.61,15.29
474.62,15.5
474.64,15.95
474.66,16.44
474.67,16.7
474.69,17.24
474.71,17.82
474.72,18.12
474.74,18.73
474.76,19.36
474.77,19.69
474.79,20.34
474.8,20.68
474.82,21.35
474.84,22.02
474.85,22.36
474.87,23.04
474.89,23.71
474.9,24.05
474.92,24.72
474.94,25.38
474.95,25.71
474.97,26.35
474.99,26.99
475.0,27.3
475.02,27.91
475.04,28.51
475.05,28.81
475.07,29.39
475.09,29.95
475.1,30.22
475.12,30.75
475.13,31.01
475.15,31.52
475.17,32.0
475.18,32.23
475.2,32.67
475.22,33.09
475.23,33.29
475.25,33.67
475.27,34.01
475.28,34.17
475.3,34.46
475.32,34.72
475.33,34.83
475.35,35.03
475.37,35.19
475.38,35.26
475.4,35.36
475.42,35.42
475.43,35.43
475.45,35.44
475.47,35.4
475.48,35.37
475.5,35.29
475.51,35.24
475.53,35.11
475.55,34.96
475.56,34.88
475.58,34.71
475.6,34.52
475.61,34.42
475.63,34.23
475.65,34.04
475.66,33.95
475.68,33.77
475.7,33.61
475.71,33.54
475.73,33.42
475.75,33.33
475.76,33.3
475.78,33.26
475.8,33.26
475.81,33.27
475.83,33.34
475.85,33.45
475.86,33.52
475.88,33.7
475.89,33.8
475.91,34.04
475.93,34.32
475.94,34.48
475.96,34.81
475.98,35.18
475.99,35.37
476.01,35.77
476.03,36.18
476.04,36.39
476.06,36.81
476.08,37.23
476.09,37.43
476.11,37.83
476.13,38.19
476.14,38.37
476.16,38.68
476.18,38.95
476.19,39.06
476.21,39.24
476.23,39.36
476.24,39.39
476.26,39.4
476.27,39.38
476.29,39.27
476.31,39.07
476.32,38.94
476.34,38.61
476.36,38.19
476.37,37.95
476.39,37.39
476.41,36.76
476.42,36.4
476.44,35.64
476.46,34.8
476.47,34.35
476.49,33.4
476.51,32.39
476.52,31.86
476.54,30.77
476.56,29.63
476.57,29.05
476.59,27.86
476.6,27.25
476.62,26.02
476.64,24.78
476.65,24.16
476.67,22.91
476.69,21.67
476.7,21.06
476.72,19.83
476.74,18.63
476.75,18.04
476.77,16.88
476.79,15.76
476.8,15.21
476.82,14.14
476.84,13.12
476.85,12.62
476.87,11.66
476.89,10.75
476.9,10.31
476.92,9.468
476.94,8.675
476.95,8.297
476.97,7.576
476.98,7.233
477.0,6.582
477.02,5.977
477.03,5.691
477.05,5.152
477.07,4.655
477.08,4.422
477.1,3.985
477.12,3.586
477.13,3.4
477.15,3.055
477.17,2.744
477.18,2.6
477.2,2.337
477.22,2.104
477.23,1.998
477.25,1.807
477.27,1.643
477.28,1.571
477.3,1.446
477.32,1.345
477.33,1.304
477.35,1.24
477.36,1.217
477.38,1.188
477.4,1.183
477.41,1.189
477.43,1.221
477.45,1.277
477.46,1.314
477.48,1.409
477.5,1.531
477.51,1.603
477.53,1.768
477.55,1.965
477.56,2.075
477.58,2.321
477.6,2.602
477.61,2.757
477.63,3.096
477.65,3.477
477.66,3.683
477.68,4.13
477.7,4.625
477.71,4.891
477.73,5.461
477.74,5.767
477.76,6.419
477.78,7.13
477.79,7.507
477.81,8.309
477.83,9.173
477.84,9.63
477.86,10.59
477.88,11.63
477.89,12.17
477.91,13.31
477.93,14.52
477.94,15.15
477.96,16.47
477.98,17.86
477.99,18.59
478.01,20.1
478.03,21.68
478.04,22.5
478.06,24.19
478.07,25.07
478.09,26.87
478.11,28.75
478.12,29.71
478.14,31.7
478.16,33.75
478.17,34.8
478.19,36.96
478.21,39.17
478.22,40.3
478.24,42.6
478.26,44.96
478.27,46.15
478.29,48.58
478.31,51.04
478.32,52.28
478.34,54.79
478.36,57.31
478.37,58.58
478.39,61.12
478.41,63.65
478.42,64.9
478.44,67.4
478.45,68.63
478.47,71.07
478.49,73.44
478.5,74.6
478.52,76.85
478.54,79.0
478.55,80.03
478.57,82.0
478.59,83.83
478.6,84.69
478.62,86.28
478.64,87.7
478.65,88.34
478.67,89.47
478.69,90.39
478.7,90.77
478.72,91.37
478.74,91.75
478.75,91.86
478.77,91.9
478.79,91.72
478.8,91.55
478.82,91.05
478.83,90.73
478.85,89.92
478.87,88.93
478.88,88.36
478.9,87.11
478.92,85.71
478.93,84.96
478.95,83.37
478.97,81.66
478.98,80.78
479.0,78.95
479.02,77.07
479.03,76.11
479.05,74.17
479.07,72.2
479.08,71.22
479.1,69.26
479.12,67.31
479.13,66.34
479.15,64.43
479.17,62.55
479.18,61.63
479.2,59.81
479.21,58.92
479.23,57.16
479.25,55.45
479.26,54.61
479.28,52.96
479.3,51.34
479.31,50.55
479.33,48.98
479.35,47.44
479.36,46.68
479.38,45.17
479.4,43.68
479.41,42.95
479.43,41.48
479.45,40.03
479.46,39.32
479.48,37.89
479.5,36.48
479.51,35.78
479.53,34.4
479.54,33.72
479.56,32.38
479.58,31.07
479.59,30.42
479.61,29.16
479.63,27.94
479.64,27.35
479.66,26.21
479.68,25.11
479.69,24.59
479.71,23.59
479.73,22.65
479.74,22.2
479.76,21.37
479.78,20.6
479.79,20.24
479.81,19.58
479.83,18.98
479.84,18.71
479.86,18.22
479.88,17.79
479.89,17.6
479.91,17.27
479.92,17.12
479.94,16.88
479.96,16.68
479.97,16.6
479.99,16.47
480.01,16.39
480.02,16.36
480.04,16.33
480.06,16.33
480.07,16.34
480.09,16.39
480.11,16.45
480.12,16.49
480.14,16.59
480.16,16.71
480.17,16.77
480.19,16.9
480.21,17.05
480.22,17.13
480.24,17.28
480.26,17.45
480.27,17.53
480.29,17.7
480.3,17.78
480.32,17.95
480.34,18.11
480.35,18.19
480.37,18.34
480.39,18.48
480.4,18.55
480.42,18.67
480.44,18.76
480.45,18.8
480.47,18.86
480.49,18.9
480.5,18.9
480.52,18.89
480.54,18.84
480.55,18.8
480.57,18.69
480.59,18.54
480.6,18.44
480.62,18.23
480.63,18.11
480.65,17.83
480.67,17.5
480.68,17.33
480.7,16.94
480.72,16.52
480.73,16.29
480.75,15.81
480.77,15.3
480.78,15.04
480.8,14.49
480.82,13.92
480.83,13.62
480.85,13.03
480.87,12.43
480.88,12.12
480.9,11.52
480.92,10.91
480.93,10.62
480.95,10.03
480.97,9.468
480.98,9.195
481.0,8.668
481.01,8.416
481.03,7.939
481.05,7.502
481.06,7.3
481.08,6.931
481.1,6.615
481.11,6.477
481.13,6.248
481.15,6.082
481.16,6.024
481.18,5.962
481.2,5.976
481.21,6.013
481.23,6.148
481.25,6.37
481.26,6.515
481.28,6.875
481.3,7.334
481.31,7.602
481.33,8.217
481.35,8.94
481.36,9.344
481.38,10.24
481.39,10.73
481.41,11.81
481.43,13.0
481.44,13.65
481.46,15.04
481.48,16.56
481.49,17.36
481.51,19.08
481.53,20.92
481.54,21.9
481.56,23.94
481.58,26.11
481.59,27.24
481.61,29.6
481.63,32.09
481.64,33.37
481.66,36.03
481.68,38.81
481.69,40.23
481.71,43.17
481.73,46.2
481.74,47.76
481.76,50.93
481.77,52.55
481.79,55.85
481.81,59.23
481.82,60.94
481.84,64.43
481.86,67.97
481.87,69.76
481.89,73.38
481.91,77.04
481.92,78.89
481.94,82.6
481.96,86.33
481.97,88.2
481.99,91.95
482.01,95.68
482.02,97.55
482.04,101.3
482.06,104.9
482.07,106.7
482.09,110.3
482.1,112.0
482.12,115.5
482.14,118.8
482.15,120.4
482.17,123.5
482.19,126.3
482.2,127.7
482.22,130.3
482.24,132.6
482.25,133.7
482.27,135.6
482.29,137.2
482.3,137.9
482.32,139.0
482.34,139.7
482.35,139.9
482.37,140.0
482.39,139.8
482.4,139.5
482.42,138.6
482.44,137.3
482.45,136.5
482.47,134.5
482.48,133.4
482.5,130.9
482.52,127.9
482.53,126.4
482.55,122.9
482.57,119.1
482.58,117.1
482.6,112.9
482.62,108.5
482.63,106.2
482.65,101.5
482.67,96.61
482.68,94.13
482.7,89.1
482.72,84.03
482.73,81.49
482.75,76.42
482.77,71.39
482.78,68.9
482.8,64.0
482.82,59.21
482.83,56.88
482.85,52.33
482.86,50.12
482.88,45.84
482.9,41.77
482.91,39.82
482.93,36.08
482.95,32.58
482.96,30.91
482.98,27.76
483.0,24.84
483.01,23.47
483.03,20.9
483.05,18.57
483.06,17.48
483.08,15.47
483.1,13.68
483.11,12.85
483.13,11.35
483.15,10.04
483.16,9.447
483.18,8.394
483.2,7.505
483.21,7.119
483.23,6.458
483.24,6.182
483.26,5.735
483.28,5.421
483.29,5.313
483.31,5.191
483.33,5.193
483.34,5.24
483.36,5.423
483.38,5.727
483.39,5.924
483.41,6.408
483.43,7.014
483.44,7.363
483.46,8.155
483.48,9.074
483.49,9.582
483.51,10.7
483.53,11.95
483.54,12.62
483.56,14.07
483.57,14.85
483.59,16.51
483.61,18.3
483.62,19.25
483.64,21.24
483.66,23.36
483.67,24.47
483.69,26.78
483.71,29.19
483.72,30.44
483.74,33.0
483.76,35.64
483.77,36.99
483.79,39.73
483.81,42.51
483.82,43.9
483.84,46.71
483.86,49.5
483.87,50.89
483.89,53.63
483.91,56.31
483.92,57.62
483.94,60.16
483.95,61.39
483.97,63.75
483.99,65.97
484.0,67.02
484.02,68.99
484.04,70.78
484.05,71.6
484.07,73.1
484.09,74.38
484.1,74.95
484.12,75.92
484.14,76.68
484.15,76.98
484.17,77.43
484.19,77.68
484.2,77.73
484.22,77.7
484.24,77.5
484.25,77.34
484.27,76.91
484.29,76.35
484.3,76.02
484.32,75.29
484.33,74.89
484.35,74.03
484.37,73.11
484.38,72.63
484.4,71.64
484.42,70.62
484.43,70.11
484.45,69.08
484.47,68.06
484.48,67.55
484.5,66.56
484.52,65.61
484.53,65.15
484.55,64.26
484.57,63.43
484.58,63.05
484.6,62.33
484.62,61.7
484.63,61.43
484.65,60.96
484.67,60.62
484.68,60.51
484.7,60.41
484.71,60.43
484.73,60.62
484.75,61.05
484.76,61.36
484.78,62.21
484.8,63.4
484.81,64.13
484.83,65.9
484.85,68.12
484.86,69.42
484.88,72.44
484.9,76.04
484.91,78.08
484.93,82.69
484.95,88.04
484.96,91.0
484.98,97.56
485.0,105.0
485.01,109.0
485.03,117.9
485.04,122.6
485.06,132.9
485.08,144.2
485.09,150.2
485.11,163.0
485.13,176.8
485.14,184.1
485.16,199.4
485.18,215.5
485.19,223.9
485.21,241.3
485.23,259.4
485.24,268.7
485.26,287.6
485.28,307.0
485.29,316.8
485.31,336.4
485.33,356.1
485.34,366.0
485.36,385.4
485.38,404.3
485.39,413.6
485.41,431.5
485.42,440.2
485.44,456.7
485.46,472.0
485.47,479.2
485.49,492.5
485.51,504.1
485.52,509.3
485.54,518.3
485.56,525.4
485.57,528.2
485.59,532.3
485.61,534.4
485.62,534.6
485.64,533.5
485.66,530.4
485.67,528.0
485.69,521.9
485.71,513.8
485.72,509.1
485.74,498.3
485.76,485.9
485.77,479.1
485.79,464.6
485.8,456.8
485.82,440.5
485.84,423.1
485.85,414.1
485.87,395.7
485.89,376.7
485.9,367.0
485.92,347.6
485.94,328.0
485.95,318.3
485.97,298.9
485.99,279.7
486.0,270.3
486.02,251.8
486.04,233.8
486.05,225.0
486.07,208.1
486.09,191.8
486.1,184.0
486.12,169.0
486.14,154.7
486.15,148.0
486.17,135.0
486.18,128.9
486.2,117.2
486.22,106.4
486.23,101.3
486.25,91.71
486.27,82.88
486.28,78.74
486.3,71.0
486.32,63.94
486.33,60.65
486.35,54.53
486.37,48.99
486.38,46.42
486.4,41.67
486.42,37.41
486.43,35.44
486.45,31.82
486.47,28.6
486.48,27.13
486.5,24.44
486.51,23.21
486.53,20.99
486.55,19.05
486.56,18.18
486.58,16.63
486.6,15.31
486.61,14.73
486.63,13.72
486.65,12.91
486.66,12.58
486.68,12.03
486.7,11.65
486.71,11.52
486.73,11.36
486.75,11.35
486.76,11.39
486.78,11.57
486.8,11.86
486.81,12.05
486.83,12.51
486.85,13.07
486.86,13.38
486.88,14.08
486.89,14.45
486.91,15.26
486.93,16.14
486.94,16.6
486.96,17.56
486.98,18.57
486.99,19.09
487.01,20.16
487.03,21.26
487.04,21.82
487.06,22.94
487.08,24.09
487.09,24.66
487.11,25.81
487.13,26.97
487.14,27.55
487.16,28.7
487.18,29.86
487.19,30.44
487.21,31.6
487.23,32.76
487.24,33.35
487.26,34.54
487.27,35.14
487.29,36.38
487.31,37.66
487.32,38.32
487.34,39.71
487.36,41.18
487.37,41.96
487.39,43.61
487.41,45.42
487.42,46.39
487.44,48.48
487.46,50.8
487.47,52.06
487.49,54.8
487.51,57.86
487.52,59.54
487.54,63.19
487.56,67.29
487.57,69.53
487.59,74.42
487.61,79.91
487.62,82.9
487.64,89.42
487.65,92.97
487.67,100.7
487.69,109.3
487.7,114.0
487.72,124.1
487.74,135.4
487.75,141.5
487.77,154.7
487.79,169.2
487.8,177.0
487.82,193.8
487.84,212.3
487.85,222.1
487.87,243.2
487.89,266.1
487.9,278.3
487.92,304.2
487.94,332.1
487.95,346.8
487.97,377.9
487.98,394.1
488.0,428.3
488.02,464.4
488.03,483.3
488.05,522.3
488.07,563.2
488.08,584.2
488.1,627.5
488.12,672.1
488.13,694.8
488.15,740.9
488.17,787.6
488.18,811.1
488.2,858.2
488.22,905.0
488.23,928.1
488.25,973.7
488.27,1018.0
488.28,1040.0
488.3,1081.0
488.32,1120.0
488.33,1139.0
488.35,1173.0
488.36,1189.0
488.38,1218.0
488.4,1244.0
488.41,1255.0
488.43,1273.0
488.45,1287.0
488.46,1292.0
488.48,1299.0
488.5,1300.0
488.51,1299.0
488.53,1293.0
488.55,1282.0
488.56,1274.0
488.58,1256.0
488.6,1233.0
488.61,1220.0
488.63,1190.0
488.65,1157.0
488.66,1139.0
488.68,1101.0
488.7,1059.0
488.71,1038.0
488.73,993.2
488.74,970.2
488.76,923.2
488.78,875.2
488.79,851.0
488.81,802.3
488.83,753.7
488.84,729.5
488.86,681.7
488.88,634.9
488.89,612.0
488.91,567.2
488.93,524.2
488.94,503.3
488.96,463.2
488.98,425.2
488.99,407.0
489.01,372.4
489.03,340.1
489.04,324.9
489.06,296.2
489.08,269.9
489.09,257.6
489.11,234.8
489.12,224.2
489.14,204.7
489.16,187.3
489.17,179.4
489.19,165.0
489.21,152.6
489.22,147.0
489.24,137.3
489.26,129.2
489.27,125.8
489.29,120.1
489.31,116.0
489.32,114.5
489.34,112.6
489.36,112.2
489.37,112.6
489.39,114.3
489.41,117.5
489.42,119.7
489.44,125.2
489.45,128.5
489.47,136.2
489.49,145.6
489.5,150.9
489.52,162.8
489.54,176.4
489.55,183.9
489.57,200.1
489.59,218.2
489.6,227.9
489.62,248.7
489.64,271.4
489.65,283.4
489.67,308.7
489.69,335.8
489.7,349.9
489.72,379.4
489.74,410.3
489.75,426.2
489.77,459.0
489.79,492.8
489.8,510.0
489.82,544.9
489.83,562.4
489.85,597.7
489.87,632.9
489.88,650.4
489.9,684.9
489.92,718.5
489.93,734.9
489.95,766.5
489.97,796.4
489.98,810.6
490.0,837.2
490.02,861.2
490.03,872.2
490.05,891.9
490.07,908.4
490.08,915.4
490.1,926.6
490.12,934.3
490.13,936.7
490.15,938.7
490.17,936.8
490.18,934.5
490.2,927.0
490.21,921.9
490.23,908.9
490.25,892.5
490.26,883.1
490.28,861.9
490.3,837.8
490.31,824.7
490.33,796.8
490.35,766.7
490.36,751.0
490.38,718.3
490.4,684.2
490.41,666.8
490.43,631.4
490.45,595.5
490.46,577.5
490.48,541.5
490.5,505.7
490.51,488.0
490.53,453.1
490.54,436.0
490.56,402.6
490.58,370.3
490.59,354.6
490.61,324.4
490.63,295.7
490.64,282.0
490.66,255.7
490.68,231.2
490.69,219.6
490.71,197.6
490.73,177.4
490.74,167.9
490.76,150.2
490.78,134.0
490.79,126.6
490.81,112.8
490.83,100.4
490.84,94.79
490.86,84.46
490.88,75.37
490.89,71.25
490.91,63.84
490.92,60.51
490.94,54.57
490.96,49.51
490.97,47.28
490.99,43.36
491.01,40.12
491.02,38.73
491.04,36.35
491.06,34.46
491.07,33.68
491.09,32.42
491.11,31.49
491.12,31.15
491.14,30.64
491.16,30.36
491.17,30.3
491.19,30.28
491.21,30.4
491.22,30.5
491.24,30.76
491.26,31.09
491.27,31.27
491.29,31.66
491.3,31.86
491.32,32.28
491.34,32.7
491.35,32.91
491.37,33.31
491.39,33.71
491.4,33.9
491.42,34.27
491.44,34.64
491.45,34.81
491.47,35.16
491.49,35.51
491.5,35.68
491.52,36.04
491.54,36.42
491.55,36.61
491.57,37.03
491.59,37.5
491.6,37.75
491.62,38.29
491.64,38.89
491.65,39.22
491.67,39.93
491.68,40.32
491.7,41.15
491.72,42.07
491.73,42.56
491.75,43.6
491.77,44.73
491.78,45.33
491.8,46.57
491.82,47.88
491.83,48.56
491.85,49.96
491.87,51.41
491.88,52.14
491.9,53.62
491.92,55.1
491.93,55.84
491.95,57.3
491.97,58.73
491.98,59.42
492.0,60.75
492.01,61.39
492.03,62.59
492.05,63.68
492.06,64.18
492.08,65.09
492.1,65.85
492.11,66.17
492.13,66.69
492.15,67.04
492.16,67.15
492.18,67.24
492.2,67.14
492.21,67.03
492.23,66.66
492.25,66.11
492.26,65.77
492.28,64.96
492.3,63.98
492.31,63.44
492.33,62.23
492.35,60.89
492.36,60.17
492.38,58.64
492.39,57.83
492.41,56.14
492.43,54.37
492.44,53.45
492.46,51.58
492.48,49.65
492.49,48.68
492.51,46.7
492.53,44.71
492.54,43.72
492.56,41.72
492.58,39.75
492.59,38.76
492.61,36.82
492.63,34.92
492.64,33.98
492.66,32.15
492.68,30.36
492.69,29.49
492.71,27.8
492.73,26.16
492.74,25.37
492.76,23.84
492.77,23.1
492.79,21.67
492.81,20.31
492.82,19.65
492.84,18.39
492.86,17.2
492.87,16.63
492.89,15.53
492.91,14.5
492.92,14.0
492.94,13.06
492.96,12.18
492.97,11.75
492.99,10.95
493.01,10.19
493.02,9.832
493.04,9.148
493.06,8.507
493.07,8.202
493.09,7.624
493.11,7.083
493.12,6.827
493.14,6.34
493.15,6.109
493.17,5.672
493.19,5.266
493.2,5.074
493.22,4.711
493.24,4.376
493.25,4.218
493.27,3.922
493.29,3.651
493.3,3.524
493.32,3.289
493.34,3.076
493.35,2.978
493.37,2.798
493.39,2.639
493.4,2.567
493.42,2.439
493.44,2.331
493.45,2.284
493.47,2.203
493.48,2.17
493.5,2.117
493.52,2.082
493.53,2.07
493.55,2.059
493.57,2.063
493.58,2.07
493.6,2.095
493.62,2.134
493.63,2.158
493.65,2.214
493.67,2.28
493.68,2.317
493.7,2.398
493.72,2.485
493.73,2.532
493.75,2.629
493.77,2.73
493.78,2.782
493.8,2.888
493.82,2.996
493.83,3.05
493.85,3.158
493.86,3.212
493.88,3.319
493.9,3.423
493.91,3.475
493.93,3.575
493.95,3.672
493.96,3.72
493.98,3.812
494.0,3.901
494.01,3.944
494.03,4.029
494.05,4.112
494.06,4.153
494.08,4.235
494.1,4.317
494.11,4.359
494.13,4.445
494.15,4.537
494.16,4.585
494.18,4.687
494.2,4.798
494.21,4.858
494.23,4.989
494.24,5.059
494.26,5.213
494.28,5.385
494.29,5.479
494.31,5.682
494.33,5.909
494.34,6.031
494.36,6.295
494.38,6.586
494.39,6.741
494.41,7.073
494.43,7.432
494.44,7.622
494.46,8.022
494.48,8.449
494.49,8.671
494.51,9.134
494.53,9.617
494.54,9.866
494.56,10.38
494.58,10.9
494.59,11.17
494.61,11.7
494.62,11.97
494.64,12.52
494.66,13.05
494.67,13.32
494.69,13.84
494.71,14.35
494.72,14.59
494.74,15.07
494.76,15.51
494.77,15.72
494.79,16.12
494.81,16.48
494.82,16.65
494.84,16.96
494.86,17.22
494.87,17.34
494.89,17.54
494.91,17.7
494.92,17.77
494.94,17.88
494.95,17.92
494.97,17.99
494.99,18.03
495.0,18.05
495.02,18.07
495.04,18.09
495.05,18.1
495.07,18.14
495.09,18.2
495.1,18.24
495.12,18.36
495.14,18.53
495.15,18.64
495.17,18.91
495.19,19.27
495.2,19.49
495.22,20.01
495.24,20.65
495.25,21.01
495.27,21.85
495.29,22.83
495.3,23.38
495.32,24.6
495.33,25.27
495.35,26.74
495.37,28.38
495.38,29.26
495.4,31.16
495.42,33.22
495.43,34.31
495.45,36.61
495.47,39.06
495.48,40.34
495.5,42.99
495.52,45.75
495.53,47.17
495.55,50.06
495.57,53.01
495.58,54.5
495.6,57.49
495.62,60.46
495.63,61.94
495.65,64.85
495.67,67.68
495.68,69.05
495.7,71.69
495.71,72.96
495.73,75.35
495.75,77.54
495.76,78.55
495.78,80.38
495.8,81.95
495.81,82.63
495.83,83.77
495.85,84.6
495.86,84.9
495.88,85.25
495.9,85.28
495.91,85.17
495.93,84.7
495.95,83.92
495.96,83.41
495.98,82.16
496.0,80.63
496.01,79.76
496.03,77.83
496.05,75.66
496.06,74.5
496.08,72.02
496.09,70.72
496.11,67.99
496.13,65.15
496.14,63.68
496.16,60.7
496.18,57.66
496.19,56.13
496.21,53.06
496.23,50.0
496.24,48.49
496.26,45.5
496.28,42.58
496.29,41.15
496.31,38.36
496.33,35.69
496.34,34.4
496.36,31.92
496.38,29.58
496.39,28.46
496.41,26.33
496.42,25.32
496.44,23.4
496.46,21.64
496.47,20.81
496.49,19.26
496.51,17.85
496.52,17.19
496.54,15.97
496.56,14.87
496.57,14.36
496.59,13.42
496.61,12.59
496.62,12.2
496.64,11.5
496.66,10.87
496.67,10.59
496.69,10.06
496.71,9.598
496.72,9.385
496.74,8.997
496.76,8.651
496.77,8.493
496.79,8.203
496.8,8.07
496.82,7.826
496.84,7.608
496.85,7.509
496.87,7.327
496.89,7.167
496.9,7.095
496.92,6.967
496.94,6.861
496.95,6.815
496.97,6.742
496.99,6.692
497.0,6.677
497.02,6.667
497.04,6.687
497.05,6.709
497.07,6.779
497.09,6.889
497.1,6.96
497.12,7.137
497.14,7.364
497.15,7.499
497.17,7.815
497.18,7.998
497.2,8.417
497.22,8.914
497.23,9.194
497.25,9.824
497.27,10.55
497.28,10.96
497.3,11.86
497.32,12.88
497.33,13.44
497.35,14.67
497.37,16.05
497.38,16.81
497.4,18.44
497.42,20.26
497.43,21.24
497.45,23.35
497.47,25.68
497.48,26.92
497.5,29.59
497.52,32.49
497.53,34.04
497.55,37.32
497.56,39.06
497.58,42.74
497.6,46.69
497.61,48.77
497.63,53.15
497.65,57.82
497.66,60.26
497.68,65.35
497.7,70.74
497.71,73.54
497.73,79.36
497.75,85.45
497.76,88.6
497.78,95.09
497.8,101.8
497.81,105.3
497.83,112.4
497.85,119.7
497.86,123.5
497.88,131.0
497.89,134.9
497.91,142.7
497.93,150.6
497.94,154.6
497.96,162.6
497.98,170.7
497.99,174.7
498.01,182.6
498.03,190.5
498.04,194.4
498.06,202.1
498.08,209.5
498.09,213.1
498.11,220.1
498.13,226.8
498.14,229.9
498.16,235.9
498.18,241.5
498.19,244.0
498.21,248.7
498.23,252.8
498.24,254.6
498.26,257.7
498.27,259.0
498.29,261.0
498.31,262.2
498.32,262.5
498.34,262.6
498.36,261.9
498.37,261.2
498.39,259.3
498.41,256.6
498.42,255.0
498.44,251.2
498.46,246.6
498.47,244.1
498.49,238.5
498.51,232.4
498.52,229.1
498.54,222.1
498.56,214.7
498.57,210.9
498.59,202.9
498.61,194.6
498.62,190.4
498.64,181.8
498.65,177.5
498.67,168.7
498.69,160.0
498.7,155.7
498.72,147.1
498.74,138.6
498.75,134.4
498.77,126.3
498.79,118.4
498.8,114.5
498.82,107.1
498.84,100.1
498.85,96.69
498.87,90.2
498.89,84.12
498.9,81.24
498.92,75.77
498.94,70.71
498.95,68.33
498.97,63.87
498.99,59.79
499.0,57.89
499.02,54.36
499.03,52.72
499.05,49.69
499.07,46.96
499.08,45.7
499.1,43.37
499.12,41.28
499.13,40.32
499.15,38.54
499.17,36.94
499.18,36.2
499.2,34.82
499.22,33.56
499.23,32.97
499.25,31.86
499.27,30.82
499.28,30.33
499.3,29.38
499.32,28.49
499.33,28.06
499.35,27.22
499.36,26.82
499.38,26.04
499.4,25.28
499.41,24.92
499.43,24.21
499.45,23.54
499.46,23.22
499.48,22.61
499.5,22.04
499.51,21.78
499.53,21.3
499.55,20.87
499.56,20.68
499.58,20.36
499.6,20.12
499.61,20.02
499.63,19.9
499.65,19.87
499.66,19.89
499.68,19.99
499.7,20.2
499.71,20.33
499.73,20.68
499.74,20.9
499.76,21.39
499.78,21.99
499.79,22.32
499.81,23.06
499.83,23.88
499.84,24.33
499.86,25.28
499.88,26.31
499.89,26.85
499.91,27.99
499.93,29.19
499.94,29.82
499.96,31.1
499.98,32.44
499.99,33.12
500.01,34.52
500.03,35.95
500.04,36.68
500.06,38.16
500.08,39.66
500.09,40.42
500.11,41.96
500.12,42.73
500.14,44.28
500.16,45.85
500.17,46.64
500.19,48.23
500.21,49.83
500.22,50.63
500.24,52.24
500.26,53.86
500.27,54.67
500.29,56.29
500.31,57.92
500.32,58.74
500.34,60.36
500.36,61.99
500.37,62.79
500.39,64.4
500.41,65.98
500.42,66.77
500.44,68.31
500.45,69.06
500.47,70.54
500.49,71.95
500.5,72.64
500.52,73.95
500.54,75.17
500.55,75.75
500.57,76.81
500.59,77.76
500.6,78.18
500.62,78.92
500.64,79.51
500.65,79.75
500.67,80.09
500.69,80.26
500.7,80.28
500.72,80.17
500.74,79.87
500.75,79.65
500.77,79.07
500.79,78.3
500.8,77.85
500.82,76.81
500.83,76.22
500.85,74.93
500.87,73.48
500.88,72.7
500.9,71.04
500.92,69.27
500.93,68.34
500.95,66.43
500.97,64.45
500.98,63.43
501.0,61.39
501.02,59.32
501.03,58.28
501.05,56.23
501.07,54.2
501.08,53.21
501.1,51.26
501.12,49.39
501.13,48.49
501.15,46.75
501.17,45.12
501.18,44.35
501.2,42.9
501.21,42.22
501.23,40.95
501.25,39.82
501.26,39.3
501.28,38.36
501.3,37.55
501.31,37.2
501.33,36.57
501.35,36.06
501.36,35.85
501.38,35.5
501.4,35.25
501.41,35.15
501.43,35.03
501.45,34.98
501.46,34.98
501.48,35.02
501.5,35.11
501.51,35.17
501.53,35.32
501.55,35.5
501.56,35.6
501.58,35.8
501.59,35.91
501.61,36.14
501.63,36.37
501.64,36.48
501.66,36.71
501.68,36.94
501.69,37.04
501.71,37.26
501.73,37.46
501.74,37.55
501.76,37.74
501.78,37.91
501.79,37.99
501.81,38.14
501.83,38.28
501.84,38.34
501.86,38.45
501.88,38.55
501.89,38.59
501.91,38.66
501.92,38.68
501.94,38.72
501.96,38.74
501.97,38.74
501.99,38.73
502.01,38.68
502.02,38.65
502.04,38.57
502.06,38.45
502.07,38.38
502.09,38.21
502.11,38.01
502.12,37.89
502.14,37.64
502.16,37.34
502.17,37.17
502.19,36.81
502.21,36.41
502.22,36.2
502.24,35.74
502.26,35.23
502.27,34.97
502.29,34.41
502.3,34.11
502.32,33.5
502.34,32.85
502.35,32.52
502.37,31.82
502.39,31.1
502.4,30.73
502.42,29.98
502.44,29.2
502.45,28.81
502.47,28.02
502.49,27.22
502.5,26.81
502.52,26.01
502.54,25.2
502.55,24.8
502.57,24.01
502.59,23.24
502.6,22.85
502.62,22.11
502.64,21.39
502.65,21.04
502.67,20.37
502.68,20.06
502.7,19.45
502.72,18.89
502.73,18.64
502.75,18.17
502.77,17.76
502.78,17.59
502.8,17.29
502.82,17.08
502.83,17.0
502.85,16.93
502.87,16.95
502.88,16.99
502.9,17.18
502.92,17.47
502.93,17.66
502.95,18.14
502.97,18.75
502.98,19.1
503.0,19.91
503.02,20.85
503.03,21.38
503.05,22.53
503.06,23.16
503.08,24.53
503.1,26.03
503.11,26.84
503.13,28.54
503.15,30.38
503.16,31.34
503.18,33.35
503.2,35.46
503.21,36.56
503.23,38.8
503.25,41.13
503.26,42.31
503.28,44.72
503.3,47.15
503.31,48.38
503.33,50.83
503.35,53.27
503.36,54.48
503.38,56.87
503.39,58.05
503.41,60.34
503.43,62.55
503.44,63.62
503.46,65.68
503.48,67.62
503.49,68.54
503.51,70.28
503.53,71.88
503.54,72.62
503.56,73.99
503.58,75.21
503.59,75.76
503.61,76.75
503.63,77.59
503.64,77.96
503.66,78.6
503.68,79.11
503.69,79.33
503.71,79.67
503.73,79.93
503.74,80.02
503.76,80.16
503.77,80.21
503.79,80.27
503.81,80.29
503.82,80.29
503.84,80.28
503.86,80.27
503.87,80.27
503.89,80.27
503.91,80.28
503.92,80.29
503.94,80.34
503.96,80.4
503.97,80.44
503.99,80.54
504.01,80.64
504.02,80.69
504.04,80.8
504.06,80.89
504.07,80.93
504.09,80.99
504.11,80.99
504.12,80.97
504.14,80.88
504.15,80.81
504.17,80.59
504.19,80.26
504.2,80.05
504.22,79.54
504.24,78.9
504.25,78.52
504.27,77.65
504.29,76.63
504.3,76.05
504.32,74.79
504.34,73.36
504.35,72.58
504.37,70.92
504.39,69.1
504.4,68.14
504.42,66.11
504.44,63.96
504.45,62.84
504.47,60.53
504.49,58.13
504.5,56.9
504.52,54.4
504.53,53.13
504.55,50.57
504.57,48.0
504.58,46.71
504.6,44.15
504.62,41.61
504.63,40.36
504.65,37.89
504.67,35.5
504.68,34.33
504.7,32.06
504.72,29.89
504.73,28.84
504.75,26.84
504.77,24.95
504.78,24.06
504.8,22.36
504.82,20.8
504.83,20.07
504.85,18.72
504.86,18.09
504.88,16.93
504.9,15.92
504.91,15.46
504.93,14.64
504.95,13.96
504.96,13.66
504.98,13.17
505.0,12.8
505.01,12.66
505.03,12.47
505.05,12.4
505.06,12.41
505.08,12.5
505.1,12.71
505.11,12.85
505.13,13.21
505.15,13.67
505.16,13.94
505.18,14.54
505.2,15.24
505.21,15.62
505.23,16.45
505.24,16.9
505.26,17.85
505.28,18.87
505.29,19.41
505.31,20.53
505.33,21.71
505.34,22.33
505.36,23.58
505.38,24.87
505.39,25.53
505.41,26.86
505.43,28.2
505.44,28.87
505.46,30.21
505.48,31.53
505.49,32.18
505.51,33.45
505.53,34.67
505.54,35.26
505.56,36.38
505.58,37.42
505.59,37.91
505.61,38.8
505.62,39.21
505.64,39.94
505.66,40.55
505.67,40.8
505.69,41.21
505.71,41.48
505.72,41.56
505.74,41.62
505.76,41.53
505.77,41.43
505.79,41.13
505.81,40.69
505.82,40.42
505.84,39.78
505.86,39.02
505.87,38.59
505.89,37.66
505.91,36.63
505.92,36.09
505.94,34.93
505.96,33.71
505.97,33.08
505.99,31.78
506.0,31.12
506.02,29.77
506.04,28.41
506.05,27.73
506.07,26.37
506.09,25.02
506.1,24.36
506.12,23.06
506.14,21.8
506.15,21.19
506.17,20.0
506.19,18.88
506.2,18.35
506.22,17.32
506.24,16.38
506.25,15.93
506.27,15.09
506.29,14.34
506.3,13.99
506.32,13.34
506.33,13.05
506.35,12.52
506.37,12.06
506.38,11.86
506.4,11.51
506.42,11.22
506.43,11.1
506.45,10.9
506.47,10.75
506.48,10.7
506.5,10.62
506.52,10.59
506.53,10.59
506.55,10.61
506.57,10.66
506.58,10.7
506.6,10.79
506.62,10.9
506.63,10.96
506.65,11.09
506.67,11.23
506.68,11.31
506.7,11.46
506.71,11.54
506.73,11.69
506.75,11.85
506.76,11.92
506.78,12.07
506.8,12.21
506.81,12.28
506.83,12.41
506.85,12.53
506.86,12.59
506.88,12.7
506.9,12.79
506.91,12.83
506.93,12.91
506.95,12.97
506.96,13.0
506.98,13.04
507.0,13.08
507.01,13.09
507.03,13.1
507.05,13.1
507.06,13.09
507.08,13.08
507.09,13.06
507.11,13.03
507.13,12.98
507.14,12.95
507.16,12.88
507.18,12.81
507.19,12.77
507.21,12.68
507.23,12.58
507.24,12.52
507.26,12.41
507.28,12.28
507.29,12.21
507.31,12.07
507.33,11.92
507.34,11.84
507.36,11.68
507.38,11.51
507.39,11.42
507.41,11.23
507.43,11.04
507.44,10.94
507.46,10.73
507.47,10.63
507.49,10.41
507.51,10.19
507.52,10.08
507.54,9.853
507.56,9.627
507.57,9.514
507.59,9.293
507.61,9.078
507.62,8.974
507.64,8.777
507.66,8.599
507.67,8.519
507.69,8.381
507.71,8.279
507.72,8.245
507.74,8.218
507.76,8.253
507.77,8.299
507.79,8.456
507.8,8.571
507.82,8.886
507.84,9.333
507.85,9.612
507.87,10.3
507.89,11.18
507.9,11.7
507.92,12.93
507.94,14.43
507.95,15.3
507.97,17.29
507.99,19.67
508.0,21.01
508.02,24.04
508.04,27.58
508.05,29.56
508.07,33.97
508.09,39.02
508.1,41.82
508.12,47.97
508.14,54.93
508.15,58.74
508.17,67.04
508.18,71.55
508.2,81.33
508.22,92.16
508.23,98.0
508.25,110.5
508.27,124.2
508.28,131.5
508.3,147.1
508.32,163.8
508.33,172.7
508.35,191.4
508.37,211.3
508.38,221.7
508.4,243.3
508.42,266.1
508.43,277.9
508.45,302.3
508.47,327.5
508.48,340.4
508.5,366.7
508.52,393.6
508.53,407.2
508.55,434.5
508.56,448.2
508.58,475.6
508.6,502.7
508.61,516.1
508.63,542.4
508.65,567.9
508.66,580.2
508.68,604.0
508.7,626.4
508.71,637.0
508.73,656.8
508.75,674.6
508.76,682.8
508.78,697.3
508.8,709.5
508.81,714.6
508.83,722.9
508.85,728.5
508.86,730.2
508.88,731.7
508.9,730.3
508.91,728.6
508.93,723.1
508.94,719.4
508.96,709.9
508.98,697.8
508.99,690.9
509.01,675.3
509.03,657.5
509.04,647.9
509.06,627.3
509.08,605.0
509.09,593.3
509.11,568.9
509.13,543.5
509.14,530.5
509.16,503.9
509.18,476.9
509.19,463.2
509.21,435.9
509.23,408.6
509.24,395.0
509.26,368.2
509.27,355.0
509.29,329.0
509.31,303.8
509.32,291.5
509.34,267.7
509.36,244.9
509.37,233.9
509.39,212.8
509.41,192.9
509.42,183.5
509.44,165.4
509.46,148.6
509.47,140.7
509.49,125.8
509.51,112.0
509.52,105.6
509.54,93.62
509.56,82.74
509.57,77.7
509.59,68.38
509.61,60.01
509.62,56.17
509.64,49.13
509.65,45.91
509.67,40.04
509.69,34.88
509.7,32.54
509.72,28.32
509.74,24.64
509.75,22.99
509.77,20.03
509.79,17.49
509.8,16.36
509.82,14.35
509.84,12.64
509.85,11.89
509.87,10.56
509.89,9.448
509.9,8.961
509.92,8.11
509.94,7.405
509.95,7.1
509.97,6.574
509.99,6.147
510.0,5.966
510.02,5.661
510.03,5.536
510.05,5.332
510.07,5.187
510.08,5.135
510.1,5.07
510.12,5.058
510.13,5.071
510.15,5.137
510.17,5.259
510.18,5.343
510.2,5.56
510.22,5.848
510.23,6.021
510.25,6.433
510.27,6.942
510.28,7.236
510.3,7.913
510.32,8.721
510.33,9.178
510.35,10.21
510.36,10.79
510.38,12.09
510.4,13.59
510.41,14.42
510.43,16.26
510.45,18.35
510.46,19.49
510.48,22.0
510.5,24.8
510.51,26.33
510.53,29.63
510.55,33.28
510.56,35.24
510.58,39.45
510.6,44.04
510.61,46.49
510.63,51.68
510.65,57.28
510.66,60.23
510.68,66.43
510.7,73.03
510.71,76.48
510.73,83.65
510.74,87.37
510.76,95.06
510.78,103.1
510.79,107.2
510.81,115.6
510.83,124.2
510.84,128.6
510.86,137.4
510.88,146.3
510.89,150.8
510.91,159.6
510.93,168.4
510.94,172.8
510.96,181.3
510.98,189.5
510.99,193.5
511.01,201.2
511.03,208.4
511.04,211.8
511.06,218.2
511.08,224.0
511.09,226.6
511.11,231.3
511.12,233.4
511.14,237.0
511.16,239.7
511.17,240.8
511.19,242.2
511.21,242.9
511.22,242.9
511.24,242.2
511.26,240.7
511.27,239.7
511.29,237.0
511.31,233.6
511.32,231.6
511.34,227.2
511.36,222.2
511.37,219.4
511.39,213.6
511.41,207.4
511.42,204.1
511.44,197.4
511.46,190.5
511.47,187.0
511.49,179.9
511.5,176.3
511.52,169.2
511.54,162.3
511.55,158.9
511.57,152.2
511.59,145.9
511.6,142.9
511.62,137.1
511.64,131.7
511.65,129.2
511.67,124.6
511.69,120.6
511.7,118.8
511.72,115.6
511.74,113.0
511.75,111.9
511.77,110.3
511.79,109.3
511.8,109.0
511.82,108.9
511.83,109.0
511.85,109.8
511.87,111.2
511.88,112.1
511.9,114.3
511.92,117.0
511.93,118.5
511.95,121.9
511.97,125.7
511.98,127.7
512.0,132.1
512.02,136.8
512.03,139.2
512.05,144.2
512.07,149.5
512.08,152.2
512.1,157.6
512.12,163.1
512.13,165.8
512.15,171.3
512.17,176.8
512.18,179.5
512.2,184.7
512.21,187.2
512.23,192.2
512.25,196.9
512.26,199.1
512.28,203.3
512.3,207.2
512.31,208.9
512.33,212.2
512.35,215.0
512.36,216.2
512.38,218.4
512.4,220.0
512.41,220.6
512.43,221.6
512.45,222.0
512.46,222.0
512.48,221.7
512.5,221.0
512.51,220.5
512.53,219.1
512.55,217.4
512.56,216.4
512.58,214.1
512.59,212.9
512.61,210.2
512.63,207.3
512.64,205.7
512.66,202.5
512.68,199.2
512.69,197.5
512.71,194.1
512.73,190.7
512.74,189.0
512.76,185.6
512.78,182.2
512.79,180.6
512.81,177.4
512.83,174.3
512.84,172.8
512.86,170.0
512.88,167.3
512.89,166.0
512.91,163.5
512.93,161.2
512.94,160.1
512.96,158.0
512.97,157.0
512.99,155.2
513.01,153.4
513.02,152.6
513.04,151.0
513.06,149.6
513.07,148.9
513.09,147.5
513.11,146.2
513.12,145.6
513.14,144.4
513.16,143.3
513.17,142.7
513.19,141.6
513.21,140.5
513.22,139.9
513.24,138.9
513.26,137.8
513.27,137.3
513.29,136.2
513.3,135.7
513.32,134.7
513.34,133.6
513.35,133.1
513.37,132.0
513.39,131.0
513.4,130.4
513.42,129.3
513.44,128.2
513.45,127.7
513.47,126.5
513.49,125.4
513.5,124.8
513.52,123.5
513.54,122.2
513.55,121.5
513.57,120.1
513.59,118.7
513.6,117.9
513.62,116.3
513.64,114.6
513.65,113.7
513.67,111.8
513.68,110.8
513.7,108.8
513.72,106.6
513.73,105.5
513.75,103.2
513.77,100.7
513.78,99.48
513.8,96.87
513.82,94.17
513.83,92.78
513.85,89.94
513.87,87.02
513.88,85.54
513.9,82.52
513.92,79.46
513.93,77.91
513.95,74.8
513.97,71.67
513.98,70.11
514.0,66.98
514.02,63.87
514.03,62.33
514.05,59.28
514.06,57.77
514.08,54.79
514.1,51.88
514.11,50.45
514.13,47.66
514.15,44.95
514.16,43.63
514.18,41.07
514.2,38.62
514.21,37.43
514.23,35.14
514.25,32.97
514.26,31.93
514.28,29.94
514.3,28.06
514.31,27.17
514.33,25.47
514.35,23.9
514.36,23.16
514.38,21.76
514.4,20.49
514.41,19.89
514.43,18.79
514.44,18.28
514.46,17.34
514.48,16.51
514.49,16.13
514.51,15.45
514.53,14.88
514.54,14.62
514.56,14.19
514.58,13.84
514.59,13.7
514.61,13.48
514.63,13.34
514.64,13.3
514.66,13.27
514.68,13.31
514.69,13.36
514.71,13.49
514.73,13.69
514.74,13.8
514.76,14.08
514.77,14.23
514.79,14.58
514.81,14.96
514.82,15.17
514.84,15.61
514.86,16.09
514.87,16.34
514.89,16.85
514.91,17.39
514.92,17.66
514.94,18.22
514.96,18.8
514.97,19.09
514.99,19.68
515.01,20.27
515.02,20.57
515.04,21.16
515.06,21.75
515.07,22.04
515.09,22.62
515.11,23.18
515.12,23.46
515.14,23.99
515.15,24.25
515.17,24.75
515.19,25.23
515.2,25.45
515.22,25.88
515.24,26.27
515.25,26.46
515.27,26.79
515.29,27.08
515.3,27.21
515.32,27.44
515.34,27.62
515.35,27.69
515.37,27.8
515.39,27.85
515.4,27.86
515.42,27.85
515.44,27.79
515.45,27.74
515.47,27.61
515.49,27.44
515.5,27.34
515.52,27.12
515.53,27.0
515.55,26.74
515.57,26.46
515.58,26.31
515.6,26.02
515.62,25.72
515.63,25.57
515.65,25.29
515.67,25.03
515.68,24.91
515.7,24.69
515.72,24.52
515.73,24.45
515.75,24.36
515.77,24.34
515.78,24.35
515.8,24.44
515.82,24.62
515.83,24.74
515.85,25.06
515.87,25.48
515.88,25.73
515.9,26.33
515.91,26.67
515.93,27.44
515.95,28.34
515.96,28.84
515.98,29.94
516.0,31.18
516.01,31.85
516.03,33.31
516.05,34.92
516.06,35.78
516.08,37.63
516.1,39.64
516.11,40.71
516.13,42.97
516.15,45.43
516.16,46.72
516.18,49.46
516.2,52.41
516.21,53.96
516.23,57.22
516.24,58.94
516.26,62.56
516.28,66.42
516.29,68.45
516.31,72.7
516.33,77.23
516.34,79.61
516.36,84.58
516.38,89.86
516.39,92.62
516.41,98.38
516.43,104.5
516.44,107.7
516.46,114.3
516.48,121.3
516.49,124.9
516.51,132.4
516.53,140.4
516.54,144.5
516.56,153.0
516.58,161.9
516.59,166.5
516.61,176.0
516.62,180.9
516.64,191.0
516.66,201.5
516.67,206.9
516.69,218.1
516.71,229.7
516.72,235.6
516.74,247.8
516.76,260.5
516.77,267.0
516.79,280.3
516.81,294.1
516.82,301.1
516.84,315.6
516.86,330.4
516.87,338.1
516.89,353.6
516.91,369.5
516.92,377.7
516.94,394.2
516.96,411.1
516.97,419.7
516.99,437.1
517.0,445.8
517.02,463.6
517.04,481.5
517.05,490.4
517.07,508.4
517.09,526.3
517.1,535.2
517.12,552.9
517.14,570.2
517.15,578.7
517.17,595.3
517.19,611.2
517.2,618.9
517.22,633.7
517.24,647.4
517.25,653.8
517.27,665.8
517.29,676.5
517.3,681.2
517.32,689.6
517.34,696.4
517.35,699.2
517.37,703.4
517.38,704.8
517.4,706.2
517.42,705.8
517.43,704.9
517.45,701.6
517.47,696.4
517.48,693.1
517.5,685.2
517.52,675.6
517.53,670.1
517.55,658.1
517.57,644.7
517.58,637.5
517.6,622.3
517.62,606.1
517.63,597.7
517.65,580.4
517.67,562.7
517.68,553.7
517.7,535.8
517.71,526.9
517.73,509.2
517.75,492.1
517.76,483.8
517.78,467.9
517.8,453.1
517.81,446.1
517.83,433.3
517.85,422.1
517.86,417.1
517.88,408.5
517.9,401.9
517.91,399.4
517.93,396.0
517.95,394.7
517.96,394.9
517.98,397.0
518.0,401.3
518.01,404.3
518.03,412.0
518.05,421.7
518.06,427.4
518.08,440.2
518.09,447.2
518.11,462.7
518.13,479.7
518.14,488.7
518.16,507.7
518.18,527.7
518.19,538.0
518.21,559.1
518.23,580.5
518.24,591.3
518.26,612.9
518.28,634.1
518.29,644.5
518.31,664.8
518.33,684.1
518.34,693.3
518.36,710.8
518.38,726.6
518.39,733.9
518.41,747.0
518.43,758.0
518.44,762.8
518.46,770.5
518.47,773.5
518.49,777.7
518.51,779.5
518.52,779.5
518.54,777.6
518.56,773.2
518.57,770.2
518.59,762.3
518.61,752.2
518.62,746.3
518.64,733.0
518.66,717.8
518.67,709.6
518.69,691.9
518.71,672.7
518.72,662.6
518.74,641.7
518.76,619.8
518.77,608.5
518.79,585.6
518.81,562.2
518.82,550.4
518.84,526.8
518.85,515.0
518.87,491.5
518.89,468.3
518.9,456.8
518.92,434.4
518.94,412.6
518.95,402.0
518.97,381.3
518.99,361.6
519.0,352.1
519.02,333.9
519.04,316.7
519.05,308.5
519.07,293.0
519.09,278.6
519.1,271.8
519.12,259.1
519.14,247.5
519.15,242.1
519.17,232.1
519.18,227.6
519.2,219.2
519.22,211.8
519.23,208.5
519.25,202.6
519.27,197.6
519.28,195.4
519.3,191.7
519.32,188.8
519.33,187.7
519.35,186.0
519.37,184.9
519.38,184.7
519.4,184.7
519.42,185.3
519.43,185.8
519.45,187.3
519.47,189.4
519.48,190.6
519.5,193.5
519.52,196.8
519.53,198.7
519.55,202.7
519.56,204.9
519.58,209.7
519.6,214.9
519.61,217.6
519.63,223.4
519.65,229.7
519.66,232.9
519.68,239.8
519.7,247.0
519.71,250.8
519.73,258.6
519.75,266.8
519.76,271.0
519.78,279.8
519.8,288.9
519.81,293.5
519.83,303.1
519.85,313.0
519.86,318.1
519.88,328.4
519.9,339.0
519.91,344.4
519.93,355.4
519.94,361.0
519.96,372.3
519.98,383.7
519.99,389.6
520.01,401.3
520.03,413.2
520.04,419.2
520.06,431.2
520.08,443.4
520.09,449.5
520.11,461.8
520.13,474.1
520.14,480.3
520.16,492.8
520.18,505.2
520.19,511.5
520.21,523.9
520.23,536.4
520.24,542.7
520.26,555.1
520.27,561.3
520.29,573.7
520.31,585.9
520.32,592.0
520.34,604.1
520.36,615.9
520.37,621.8
520.39,633.2
520.41,644.4
520.42,649.8
520.44,660.2
520.46,670.1
520.47,674.8
520.49,683.8
520.51,691.9
520.52,695.7
520.54,702.4
520.56,708.2
520.57,710.6
520.59,714.7
520.61,717.4
520.62,718.2
520.64,718.9
520.65,718.7
520.67,717.1
520.69,713.9
520.7,711.7
520.72,706.1
520.74,698.8
520.75,694.6
520.77,684.8
520.79,673.5
520.8,667.2
520.82,653.5
520.84,638.3
520.85,630.2
520.87,613.0
520.89,594.5
520.9,584.8
520.92,564.7
520.94,543.7
520.95,532.9
520.97,510.8
520.99,488.2
521.0,476.7
521.02,453.6
521.03,442.0
521.05,418.7
521.07,395.6
521.08,384.1
521.1,361.4
521.12,339.1
521.13,328.2
521.15,306.9
521.17,286.3
521.18,276.3
521.2,257.1
521.22,238.9
521.23,230.2
521.25,213.6
521.27,198.2
521.28,190.9
521.3,177.3
521.32,165.0
521.33,159.3
521.35,148.9
521.37,139.8
521.38,135.8
521.4,128.6
521.41,125.5
521.43,120.2
521.45,116.2
521.46,114.6
521.48,112.4
521.5,111.4
521.51,111.3
521.53,111.9
521.55,113.6
521.56,114.9
521.58,118.1
521.6,122.2
521.61,124.6
521.63,130.1
521.65,136.4
521.66,139.8
521.68,147.1
521.7,155.0
521.71,159.1
521.73,167.8
521.74,172.3
521.76,181.6
521.78,191.1
521.79,196.0
521.81,205.8
521.83,215.6
521.84,220.5
521.86,230.3
521.88,239.8
521.89,244.5
521.91,253.5
521.93,262.2
521.94,266.3
521.96,274.1
521.98,281.3
521.99,284.6
522.01,290.6
522.03,295.9
522.04,298.2
522.06,302.1
522.08,305.0
522.09,306.2
522.11,307.7
522.12,308.0
522.14,308.0
522.16,307.0
522.17,306.1
522.19,303.6
522.21,300.2
522.22,298.1
522.24,293.4
522.26,287.7
522.27,284.6
522.29,277.9
522.31,270.5
522.32,266.5
522.34,258.3
522.36,249.5
522.37,245.0
522.39,235.7
522.41,226.1
522.42,221.2
522.44,211.4
522.46,201.5
522.47,196.5
522.49,186.7
522.5,181.8
522.52,172.1
522.54,162.6
522.55,158.0
522.57,148.9
522.59,140.1
522.6,135.8
522.62,127.6
522.64,119.8
522.65,116.0
522.67,108.8
522.69,102.0
522.7,98.73
522.72,92.58
522.74,86.86
522.75,84.15
522.77,79.07
522.79,74.38
522.8,72.19
522.82,68.1
522.84,64.37
522.85,62.64
522.87,59.43
522.88,57.94
522.9,55.21
522.92,52.76
522.93,51.64
522.95,49.59
522.97,47.77
522.98,46.95
523.0,45.46
523.02,44.16
523.03,43.57
523.05,42.52
523.07,41.61
523.08,41.21
523.1,40.49
523.12,39.88
523.13,39.61
523.15,39.13
523.17,38.72
523.18,38.54
523.2,38.21
523.21,38.06
523.23,37.78
523.25,37.53
523.26,37.4
523.28,37.16
523.3,36.91
523.31,36.78
523.33,36.5
523.35,36.2
523.36,36.03
523.38,35.68
523.4,35.28
523.41,35.06
523.43,34.59
523.45,34.06
523.46,33.78
523.48,33.16
523.5,32.49
523.51,32.14
523.53,31.38
523.55,30.57
523.56,30.15
523.58,29.26
523.59,28.8
523.61,27.85
523.63,26.85
523.64,26.34
523.66,25.29
523.68,24.22
523.69,23.68
523.71,22.59
523.73,21.48
523.74,20.93
523.76,19.83
523.78,18.73
523.79,18.19
523.81,17.12
523.83,16.07
523.84,15.55
523.86,14.55
523.88,13.58
523.89,13.11
523.91,12.2
523.93,11.33
523.94,10.91
523.96,10.12
523.97,9.739
523.99,9.016
524.01,8.343
524.02,8.025
524.04,7.426
524.06,6.876
524.07,6.62
524.09,6.141
524.11,5.709
524.12,5.509
524.14,5.141
524.16,4.813
524.17,4.664
524.19,4.393
524.21,4.156
524.22,4.049
524.24,3.86
524.26,3.698
524.27,3.627
524.29,3.504
524.31,3.403
524.32,3.361
524.34,3.291
524.35,3.263
524.37,3.22
524.39,3.193
524.4,3.186
524.42,3.182
524.44,3.193
524.45,3.203
524.47,3.235
524.49,3.281
524.5,3.309
524.52,3.376
524.54,3.457
524.55,3.504
524.57,3.609
524.59,3.731
524.6,3.798
524.62,3.947
524.64,4.115
524.65,4.206
524.67,4.405
524.68,4.513
524.7,4.745
524.72,5.001
524.73,5.138
524.75,5.43
524.77,5.748
524.78,5.917
524.8,6.274
524.82,6.657
524.83,6.859
524.85,7.281
524.87,7.73
524.88,7.964
524.9,8.452
524.92,8.964
524.93,9.229
524.95,9.777
524.97,10.35
524.98,10.64
525.0,11.25
525.02,11.87
525.03,12.2
525.05,12.85
525.06,13.19
525.08,13.88
525.1,14.6
525.11,14.97
525.13,15.73
525.15,16.51
525.16,16.92
525.18,17.76
525.2,18.64
525.21,19.1
525.23,20.06
525.25,21.09
525.26,21.63
525.28,22.77
525.3,24.0
525.31,24.65
525.33,26.05
525.35,27.57
525.36,28.39
525.38,30.14
525.4,32.06
525.41,33.09
525.43,35.3
525.44,36.49
525.46,39.04
525.48,41.84
525.49,43.34
525.51,46.54
525.53,50.05
525.54,51.91
525.56,55.89
525.58,60.2
525.59,62.48
525.61,67.31
525.63,72.49
525.64,75.22
525.66,80.95
525.68,87.04
525.69,90.22
525.71,96.85
525.73,103.8
525.74,107.4
525.76,114.9
525.78,122.7
525.79,126.7
525.81,134.8
525.82,139.0
525.84,147.5
525.86,156.3
525.87,160.7
525.89,169.6
525.91,178.6
525.92,183.2
525.94,192.3
525.96,201.3
525.97,205.9
525.99,214.8
526.01,223.7
526.02,228.1
526.04,236.7
526.06,245.1
526.07,249.2
526.09,257.1
526.11,264.8
526.12,268.5
526.14,275.6
526.15,279.1
526.17,285.6
526.19,291.8
526.2,294.7
526.22,300.2
526.24,305.2
526.25,307.6
526.27,311.9
526.29,315.8
526.3,317.6
526.32,320.9
526.34,323.7
526.35,324.9
526.37,327.1
526.39,328.9
526.4,329.6
526.42,330.8
526.44,331.7
526.45,332.0
526.47,332.4
526.49,332.5
526.5,332.4
526.52,332.1
526.53,331.9
526.55,331.3
526.57,330.5
526.58,330.0
526.6,329.0
526.62,327.8
526.63,327.2
526.65,325.9
526.67,324.5
526.68,323.8
526.7,322.3
526.72,320.8
526.73,320.0
526.75,318.4
526.77,316.8
526.78,316.0
526.8,314.4
526.82,312.7
526.83,311.9
526.85,310.1
526.87,308.3
526.88,307.4
526.9,305.5
526.91,304.5
526.93,302.4
526.95,300.2
526.96,299.0
526.98,296.5
527.0,293.8
527.01,292.4
527.03,289.3
527.05,286.0
527.06,284.2
527.08,280.4
527.1,276.3
527.11,274.2
527.13,269.5
527.15,264.6
527.16,261.9
527.18,256.4
527.2,250.5
527.21,247.5
527.23,241.1
527.25,234.3
527.26,230.8
527.28,223.6
527.29,219.8
527.31,212.2
527.33,204.3
527.34,200.3
527.36,192.1
527.38,183.7
527.39,179.5
527.41,171.0
527.43,162.5
527.44,158.2
527.46,149.6
527.48,141.2
527.49,136.9
527.51,128.6
527.53,120.5
527.54,116.4
527.56,108.6
527.58,100.9
527.59,97.23
527.61,90.01
527.62,86.52
527.64,79.77
527.66,73.34
527.67,70.26
527.69,64.36
527.71,58.82
527.72,56.18
527.74,51.18
527.76,46.54
527.77,44.36
527.79,40.26
527.81,36.51
527.82,34.76
527.84,31.51
527.86,28.59
527.87,27.24
527.89,24.77
527.91,22.59
527.92,21.6
527.94,19.81
527.96,18.27
527.97,17.58
527.99,16.37
528.0,15.84
528.02,14.92
528.04,14.18
528.05,13.87
528.07,13.36
528.09,12.98
528.1,12.84
528.12,12.63
528.14,12.53
528.15,12.51
528.17,12.54
528.19,12.63
528.2,12.7
528.22,12.88
528.24,13.11
528.25,13.23
528.27,13.51
528.29,13.82
528.3,13.98
528.32,14.33
528.34,14.68
528.35,14.87
528.37,15.25
528.38,15.44
528.4,15.84
528.42,16.25
528.43,16.46
528.45,16.89
528.47,17.33
528.48,17.56
528.5,18.04
528.52,18.54
528.53,18.81
528.55,19.36
528.57,19.95
528.58,20.26
528.6,20.92
528.62,21.64
528.63,22.02
528.65,22.83
528.67,23.72
528.68,24.19
528.7,25.19
528.72,26.28
528.73,26.86
528.75,28.09
528.76,28.75
528.78,30.13
528.8,31.61
528.81,32.4
528.83,34.04
528.85,35.79
528.86,36.7
528.88,38.6
528.9,40.6
528.91,41.64
528.93,43.78
528.95,46.0
528.96,47.14
528.98,49.47
529.0,51.86
529.01,53.07
529.03,55.53
529.05,58.01
529.06,59.26
529.08,61.76
529.09,63.01
529.11,65.49
529.13,67.93
529.14,69.14
529.16,71.51
529.18,73.81
529.19,74.92
529.21,77.08
529.23,79.14
529.24,80.12
529.26,81.99
529.28,83.73
529.29,84.54
529.31,86.05
529.33,87.41
529.34,88.02
529.36,89.14
529.38,90.08
529.39,90.49
529.41,91.19
529.43,91.72
529.44,91.93
529.46,92.22
529.47,92.31
529.49,92.38
529.51,92.3
529.52,92.21
529.54,91.94
529.56,91.54
529.57,91.3
529.59,90.73
529.61,90.07
529.62,89.7
529.64,88.91
529.66,88.03
529.67,87.57
529.69,86.59
529.71,85.55
529.72,85.01
529.74,83.88
529.76,82.71
529.77,82.11
529.79,80.87
529.81,79.58
529.82,78.92
529.84,77.58
529.85,76.89
529.87,75.48
529.89,74.02
529.9,73.28
529.92,71.76
529.94,70.2
529.95,69.4
529.97,67.78
529.99,66.11
530.0,65.26
530.02,63.52
530.04,61.75
530.05,60.84
530.07,59.01
530.09,57.15
530.1,56.21
530.12,54.3
530.14,52.38
530.15,51.41
530.17,49.47
530.18,48.49
530.2,46.54
530.22,44.6
530.23,43.63
530.25,41.71
530.27,39.81
530.28,38.87
530.3,37.02
530.32,35.22
530.33,34.33
530.35,32.6
530.37,30.93
530.38,30.11
530.4,28.54
530.42,27.02
530.43,26.3
530.45,24.89
530.47,23.56
530.48,22.93
530.5,21.71
530.52,20.57
530.53,20.03
530.55,19.0
530.56,18.51
530.58,17.59
530.6,16.74
530.61,16.34
530.63,15.58
530.65,14.88
530.66,14.55
530.68,13.93
530.7,13.36
530.71,13.09
530.73,12.59
530.75,12.12
530.76,11.9
530.78,11.48
530.8,11.08
530.81,10.89
530.83,10.53
530.85,10.18
530.86,10.01
530.88,9.688
530.9,9.371
530.91,9.216
530.93,8.909
530.94,8.758
530.96,8.459
530.98,8.163
530.99,8.016
531.01,7.724
531.03,7.434
531.04,7.291
531.06,7.005
531.08,6.723
531.09,6.584
531.11,6.309
531.13,6.041
531.14,5.91
531.16,5.656
531.18,5.413
531.19,5.297
531.21,5.075
531.23,4.872
531.24,4.778
531.26,4.607
531.28,4.461
531.29,4.399
531.31,4.299
531.32,4.262
531.34,4.216
531.36,4.213
531.37,4.228
531.39,4.297
531.41,4.421
531.42,4.506
531.44,4.724
531.46,5.013
531.47,5.187
531.49,5.597
531.51,6.096
531.52,6.382
531.54,7.033
531.56,7.795
531.57,8.22
531.59,9.167
531.61,10.25
531.62,10.84
531.64,12.15
531.65,12.86
531.67,14.41
531.69,16.13
531.7,17.06
531.72,19.06
531.74,21.26
531.75,22.43
531.77,24.94
531.79,27.66
531.8,29.1
531.82,32.14
531.84,35.4
531.85,37.12
531.87,40.71
531.89,44.51
531.9,46.49
531.92,50.61
531.94,54.91
531.95,57.13
531.97,61.7
531.99,66.42
532.0,68.83
532.02,73.75
532.03,76.24
532.05,81.29
532.07,86.39
532.08,88.96
532.1,94.08
532.12,99.19
532.13,101.7
532.15,106.7
532.17,111.6
532.18,114.0
532.2,118.6
532.22,123.0
532.23,125.2
532.25,129.2
532.27,133.0
532.28,134.7
532.3,137.9
532.32,140.8
532.33,142.1
532.35,144.4
532.37,146.2
532.38,146.9
532.4,148.1
532.41,148.5
532.43,149.0
532.45,149.0
532.46,148.8
532.48,148.2
532.5,147.1
532.51,146.3
532.53,144.6
532.55,142.4
532.56,141.2
532.58,138.4
532.6,135.4
532.61,133.7
532.63,130.2
532.65,126.4
532.66,124.4
532.68,120.3
532.7,116.0
532.71,113.8
532.73,109.3
532.75,104.7
532.76,102.4
532.78,97.7
532.79,95.36
532.81,90.68
532.83,86.03
532.84,83.72
532.86,79.16
532.88,74.68
532.89,72.48
532.91,68.17
532.93,63.99
532.94,61.95
532.96,57.99
532.98,54.19
532.99,52.34
533.01,48.79
533.03,45.4
533.04,43.77
533.06,40.64
533.08,37.68
533.09,36.27
533.11,33.57
533.12,32.28
533.14,29.83
533.16,27.54
533.17,26.45
533.19,24.39
533.21,22.48
533.22,21.58
533.24,19.87
533.26,18.3
533.27,17.56
533.29,16.18
533.31,14.92
533.32,14.33
533.34,13.23
533.36,12.24
533.37,11.78
533.39,10.93
533.41,10.17
533.42,9.828
533.44,9.201
533.46,8.655
533.47,8.411
533.49,7.977
533.5,7.787
533.52,7.458
533.54,7.194
533.55,7.085
533.57,6.91
533.59,6.791
533.6,6.751
533.62,6.709
533.64,6.712
533.65,6.73
533.67,6.797
533.69,6.901
533.7,6.966
533.72,7.119
533.74,7.3
533.75,7.4
533.77,7.616
533.79,7.851
533.8,7.974
533.82,8.23
533.84,8.496
533.85,8.631
533.87,8.903
533.88,9.04
533.9,9.311
533.92,9.578
533.93,9.708
533.95,9.961
533.97,10.2
533.98,10.31
534.0,10.53
534.02,10.72
534.03,10.81
534.05,10.97
534.07,11.11
534.08,11.17
534.1,11.26
534.12,11.33
534.13,11.36
534.15,11.38
534.17,11.38
534.18,11.36
534.2,11.31
534.22,11.24
534.23,11.19
534.25,11.08
534.26,11.01
534.28,10.86
534.3,10.69
534.31,10.59
534.33,10.4
534.35,10.18
534.36,10.07
534.38,9.847
534.4,9.614
534.41,9.497
534.43,9.262
534.45,9.032
534.46,8.92
534.48,8.703
534.5,8.501
534.51,8.407
534.53,8.234
534.55,8.087
534.56,8.024
534.58,7.922
534.59,7.884
534.61,7.837
534.63,7.831
534.64,7.845
534.66,7.907
534.68,8.019
534.69,8.095
534.71,8.288
534.73,8.537
534.74,8.683
534.76,9.021
534.78,9.419
534.79,9.64
534.81,10.13
534.83,10.68
534.84,10.98
534.86,11.62
534.88,12.32
534.89,12.69
534.91,13.47
534.93,14.31
534.94,14.74
534.96,15.64
534.97,16.11
534.99,17.06
535.01,18.05
535.02,18.55
535.04,19.57
535.06,20.6
535.07,21.11
535.09,22.15
535.11,23.17
535.12,23.67
535.14,24.67
535.16,25.63
535.17,26.1
535.19,27.0
535.21,27.85
535.22,28.25
535.24,29.0
535.26,29.69
535.27,30.0
535.29,30.57
535.31,31.06
535.32,31.26
535.34,31.61
535.35,31.75
535.37,31.96
535.39,32.07
535.4,32.09
535.42,32.05
535.44,31.93
535.45,31.83
535.47,31.57
535.49,31.22
535.5,31.02
535.52,30.55
535.54,30.01
535.55,29.72
535.57,29.08
535.59,28.4
535.6,28.04
535.62,27.28
535.64,26.5
535.65,26.09
535.67,25.27
535.69,24.44
535.7,24.02
535.72,23.19
535.73,22.77
535.75,21.95
535.77,21.14
535.78,20.75
535.8,19.98
535.82,19.25
535.83,18.89
535.85,18.22
535.87,17.58
535.88,17.29
535.9,16.73
535.92,16.22
535.93,15.99
535.95,15.56
535.97,15.19
535.98,15.03
536.0,14.75
536.02,14.53
536.03,14.44
536.05,14.3
536.06,14.26
536.08,14.21
536.1,14.23
536.11,14.26
536.13,14.36
536.15,14.52
536.16,14.62
536.18,14.86
536.2,15.16
536.21,15.33
536.23,15.72
536.25,16.15
536.26,16.39
536.28,16.91
536.3,17.47
536.31,17.78
536.33,18.42
536.35,19.11
536.36,19.47
536.38,20.23
536.4,21.03
536.41,21.44
536.43,22.31
536.44,22.75
536.46,23.67
536.48,24.63
536.49,25.12
536.51,26.11
536.53,27.14
536.54,27.66
536.56,28.71
536.58,29.78
536.59,30.31
536.61,31.4
536.63,32.48
536.64,33.02
536.66,34.1
536.68,35.16
536.69,35.69
536.71,36.73
536.73,37.74
536.74,38.24
536.76,39.2
536.78,40.12
536.79,40.56
536.81,41.41
536.82,41.81
536.84,42.58
536.86,43.27
536.87,43.6
536.89,44.19
536.91,44.7
536.92,44.92
536.94,45.31
536.96,45.61
536.97,45.73
536.99,45.89
537.01,45.96
537.02,45.96
537.04,45.88
537.06,45.71
537.07,45.58
537.09,45.26
537.11,44.84
537.12,44.6
537.14,44.04
537.16,43.39
537.17,43.03
537.19,42.26
537.2,41.84
537.22,40.94
537.24,39.97
537.25,39.46
537.27,38.4
537.29,37.28
537.3,36.7
537.32,35.52
537.34,34.29
537.35,33.67
537.37,32.41
537.39,31.14
537.4,30.5
537.42,29.22
537.44,27.94
537.45,27.31
537.47,26.07
537.49,24.85
537.5,24.25
537.52,23.09
537.53,22.53
537.55,21.44
537.57,20.42
537.58,19.93
537.6,19.0
537.62,18.14
537.63,17.74
537.65,17.01
537.67,16.36
537.68,16.06
537.7,15.54
537.72,15.12
537.73,14.94
537.75,14.66
537.77,14.47
537.78,14.41
537.8,14.37
537.82,14.43
537.83,14.49
537.85,14.68
537.87,14.97
537.88,15.14
537.9,15.56
537.91,15.8
537.93,16.34
537.95,16.96
537.96,17.29
537.98,18.01
538.0,18.79
538.01,19.2
538.03,20.06
538.05,20.96
538.06,21.42
538.08,22.38
538.1,23.35
538.11,23.84
538.13,24.84
538.15,25.83
538.16,26.32
538.18,27.3
538.2,28.25
538.21,28.71
538.23,29.61
538.25,30.47
538.26,30.88
538.28,31.65
538.29,32.01
538.31,32.68
538.33,33.27
538.34,33.54
538.36,34.0
538.38,34.38
538.39,34.53
538.41,34.77
538.43,34.9
538.44,34.93
538.46,34.91
538.48,34.8
538.49,34.7
538.51,34.43
538.53,34.07
538.54,33.85
538.56,33.35
538.58,32.77
538.59,32.44
538.61,31.74
538.63,30.96
538.64,30.55
538.66,29.68
538.67,29.22
538.69,28.28
538.71,27.3
538.72,26.8
538.74,25.77
538.76,24.73
538.77,24.21
538.79,23.16
538.81,22.11
538.82,21.58
538.84,20.55
538.86,19.54
538.87,19.05
538.89,18.08
538.91,17.15
538.92,16.7
538.94,15.83
538.96,15.01
538.97,14.61
538.99,13.86
539.0,13.51
539.02,12.84
539.04,12.22
539.05,11.93
539.07,11.39
539.09,10.91
539.1,10.68
539.12,10.27
539.14,9.915
539.15,9.753
539.17,9.464
539.19,9.217
539.2,9.109
539.22,8.921
539.24,8.769
539.25,8.706
539.27,8.601
539.29,8.524
539.3,8.495
539.32,8.454
539.34,8.432
539.35,8.428
539.37,8.431
539.38,8.438
539.4,8.459
539.42,8.491
539.43,8.51
539.45,8.552
539.47,8.599
539.48,8.624
539.5,8.677
539.52,8.731
539.53,8.759
539.55,8.815
539.57,8.873
539.58,8.902
539.6,8.961
539.62,9.022
539.63,9.053
539.65,9.118
539.67,9.186
539.68,9.222
539.7,9.298
539.72,9.381
539.73,9.426
539.75,9.523
539.76,9.576
539.78,9.691
539.8,9.822
539.81,9.893
539.83,10.05
539.85,10.23
539.86,10.32
539.88,10.53
539.9,10.77
539.91,10.9
539.93,11.17
539.95,11.48
539.96,11.65
539.98,12.0
540.0,12.39
540.01,12.59
540.03,13.03
540.05,13.5
540.06,13.75
540.08,14.27
540.1,14.83
540.11,15.12
540.13,15.72
540.14,16.03
540.16,16.67
540.18,17.34
540.19,17.68
540.21,18.38
540.23,19.09
540.24,19.45
540.26,20.18
540.28,20.91
540.29,21.27
540.31,22.0
540.33,22.72
540.34,23.08
540.36,23.77
540.38,24.45
540.39,24.78
540.41,25.41
540.43,26.01
540.44,26.29
540.46,26.84
540.47,27.09
540.49,27.57
540.51,27.99
540.52,28.19
540.54,28.54
540.56,28.84
540.57,28.97
540.59,29.19
540.61,29.37
540.62,29.43
540.64,29.53
540.66,29.59
540.67,29.6
540.69,29.59
540.71,29.54
540.72,29.51
540.74,29.41
540.76,29.3
540.77,29.23
540.79,29.09
540.81,28.93
540.82,28.86
540.84,28.7
540.85,28.62
540.87,28.47
540.89,28.33
540.9,28.26
540.92,28.15
540.94,28.06
540.95,28.02
540.97,27.97
540.99,27.96
541.0,27.96
541.02,27.99
541.04,28.07
541.05,28.12
541.07,28.24
541.09,28.41
541.1,28.51
541.12,28.73
541.14,28.98
541.15,29.12
541.17,29.42
541.19,29.75
541.2,29.93
541.22,30.29
541.23,30.48
541.25,30.87
541.27,31.28
541.28,31.48
541.3,31.89
541.32,32.29
541.33,32.49
541.35,32.88
541.37,33.25
541.38,33.43
541.4,33.77
541.42,34.08
541.43,34.22
541.45,34.46
541.47,34.67
541.48,34.75
541.5,34.88
541.52,34.96
541.53,34.97
541.55,34.96
541.56,34.93
541.58,34.82
541.6,34.64
541.61,34.53
541.63,34.25
541.65,33.9
541.66,33.71
541.68,33.26
541.7,32.75
541.71,32.47
541.73,31.87
541.75,31.21
541.76,30.86
541.78,30.12
541.8,29.34
541.81,28.93
541.83,28.09
541.85,27.21
541.86,26.76
541.88,25.85
541.9,24.93
541.91,24.46
541.93,23.52
541.94,23.05
541.96,22.11
541.98,21.18
541.99,20.73
542.01,19.82
542.03,18.95
542.04,18.52
542.06,17.69
542.08,16.89
542.09,16.51
542.11,15.77
542.13,15.07
542.14,14.75
542.16,14.12
542.18,13.55
542.19,13.28
542.21,12.77
542.23,12.32
542.24,12.11
542.26,11.73
542.28,11.39
542.29,11.24
542.31,10.97
542.32,10.85
542.34,10.64
542.36,10.46
542.37,10.39
542.39,10.26
542.41,10.17
542.42,10.13
542.44,10.07
542.46,10.03
542.47,10.02
542.49,10.0
542.51,10.0
542.52,10.01
542.54,10.02
542.56,10.04
542.57,10.05
542.59,10.08
542.61,10.11
542.62,10.12
542.64,10.14
542.66,10.16
542.67,10.17
542.69,10.18
542.7,10.19
542.72,10.19
542.74,10.19
542.75,10.18
542.77,10.17
542.79,10.14
542.8,10.13
542.82,10.09
542.84,10.05
542.85,10.03
542.87,9.975
542.89,9.915
542.9,9.882
542.92,9.812
542.94,9.735
542.95,9.694
542.97,9.609
542.99,9.518
543.0,9.47
543.02,9.372
543.03,9.32
543.05,9.215
543.07,9.105
543.08,9.048
543.1,8.932
543.12,8.811
543.13,8.75
543.15,8.624
543.17,8.495
543.18,8.429
543.2,8.296
543.22,8.158
543.23,8.089
543.25,7.947
543.27,7.803
543.28,7.73
543.3,7.582
543.32,7.431
543.33,7.355
543.35,7.2
543.37,7.044
543.38,6.965
543.4,6.805
543.41,6.724
543.43,6.561
543.45,6.397
543.46,6.314
543.48,6.147
543.5,5.979
543.51,5.894
543.53,5.724
543.55,5.553
543.56,5.467
543.58,5.294
543.6,5.121
543.61,5.034
543.63,4.86
543.65,4.686
543.66,4.6
543.68,4.427
543.7,4.254
543.71,4.168
543.73,3.998
543.75,3.829
543.76,3.745
543.78,3.58
543.79,3.498
543.81,3.337
543.83,3.179
543.84,3.102
543.86,2.95
543.88,2.803
543.89,2.732
543.91,2.594
543.93,2.461
543.94,2.398
543.96,2.276
543.98,2.161
543.99,2.107
544.01,2.004
544.03,1.91
544.04,1.867
544.06,1.787
544.08,1.717
544.09,1.686
544.11,1.631
544.13,1.587
544.14,1.569
544.16,1.541
544.17,1.532
544.19,1.521
544.21,1.522
544.22,1.526
544.24,1.544
544.26,1.574
544.27,1.593
544.29,1.639
544.31,1.696
544.32,1.729
544.34,1.803
544.36,1.886
544.37,1.932
544.39,2.03
544.41,2.138
544.42,2.195
544.44,2.316
544.46,2.444
544.47,2.51
544.49,2.648
544.5,2.72
544.52,2.866
544.54,3.018
544.55,3.095
544.57,3.252
544.59,3.411
544.6,3.492
544.62,3.654
544.64,3.816
544.65,3.898
544.67,4.059
544.69,4.22
544.7,4.3
544.72,4.457
544.74,4.612
544.75,4.688
544.77,4.837
544.79,4.982
544.8,5.053
544.82,5.191
544.84,5.324
544.85,5.389
544.87,5.514
544.88,5.574
544.9,5.691
544.92,5.803
544.93,5.856
544.95,5.959
544.97,6.056
544.98,6.103
545.0,6.192
545.02,6.276
545.03,6.316
545.05,6.392
545.07,6.462
545.08,6.496
545.1,6.559
545.12,6.616
545.13,6.643
545.15,6.694
545.17,6.739
545.18,6.759
545.2,6.796
545.22,6.828
545.23,6.842
545.25,6.865
545.26,6.875
545.28,6.89
545.3,6.899
545.31,6.901
545.33,6.902
545.35,6.896
545.36,6.89
545.38,6.875
545.4,6.854
545.41,6.841
545.43,6.811
545.45,6.775
545.46,6.756
545.48,6.713
545.5,6.666
545.51,6.641
545.53,6.589
545.55,6.535
545.56,6.508
545.58,6.454
545.6,6.402
545.61,6.376
545.63,6.33
545.64,6.309
545.66,6.273
545.68,6.247
545.69,6.238
545.71,6.233
545.73,6.245
545.74,6.259
545.76,6.303
545.78,6.375
545.79,6.422
545.81,6.541
545.83,6.697
545.84,6.79
545.86,7.011
545.88,7.282
545.89,7.437
545.91,7.791
545.93,8.207
545.94,8.441
545.96,8.961
545.97,9.25
545.99,9.886
546.01,10.61
546.02,11.0
546.04,11.86
546.06,12.81
546.07,13.33
546.09,14.44
546.11,15.66
546.12,16.31
546.14,17.69
546.16,19.19
546.17,19.99
546.19,21.66
546.21,23.46
546.22,24.4
546.24,26.36
546.26,28.45
546.27,29.53
546.29,31.78
546.31,34.13
546.32,35.34
546.34,37.83
546.35,39.1
546.37,41.71
546.39,44.39
546.4,45.76
546.42,48.52
546.44,51.31
546.45,52.72
546.47,55.55
546.49,58.37
546.5,59.78
546.52,62.57
546.54,65.33
546.55,66.68
546.57,69.34
546.59,71.92
546.6,73.18
546.62,75.6
546.64,77.91
546.65,79.01
546.67,81.11
546.69,83.06
546.7,83.98
546.72,85.68
546.73,86.47
546.75,87.91
546.77,89.17
546.78,89.74
546.8,90.72
546.82,91.52
546.83,91.86
546.85,92.39
546.87,92.75
546.88,92.87
546.9,92.98
546.92,92.94
546.93,92.87
546.95,92.62
546.97,92.25
546.98,92.02
547.0,91.49
547.02,90.86
547.03,90.52
547.05,89.78
547.07,88.99
547.08,88.57
547.1,87.72
547.11,87.28
547.13,86.38
547.15,85.47
547.16,85.02
547.18,84.11
547.2,83.21
547.21,82.76
547.23,81.88
547.25,81.01
547.26,80.59
547.28,79.75
547.3,78.94
547.31,78.54
547.33,77.76
547.35,77.01
547.36,76.63
547.38,75.9
547.4,75.19
547.41,74.83
547.43,74.13
547.44,73.79
547.46,73.11
547.48,72.43
547.49,72.1
547.51,71.44
547.53,70.78
547.54,70.46
547.56,69.82
547.58,69.19
547.59,68.88
547.61,68.27
547.63,67.68
547.64,67.39
547.66,66.84
547.68,66.31
547.69,66.06
547.71,65.58
547.73,65.14
547.74,64.94
547.76,64.56
547.78,64.22
547.79,64.08
547.81,63.81
547.82,63.7
547.84,63.5
547.86,63.35
547.87,63.29
547.89,63.2
547.91,63.15
547.92,63.13
547.94,63.12
547.96,63.13
547.97,63.14
547.99,63.16
548.01,63.17
548.02,63.17
548.04,63.16
548.06,63.12
548.07,63.09
548.09,62.98
548.11,62.82
548.12,62.72
548.14,62.45
548.16,62.11
548.17,61.9
548.19,61.42
548.2,61.14
548.22,60.51
548.24,59.77
548.25,59.36
548.27,58.46
548.29,57.45
548.3,56.91
548.32,55.74
548.34,54.46
548.35,53.78
548.37,52.36
548.39,50.84
548.4,50.06
548.42,48.42
548.44,46.72
548.45,45.85
548.47,44.06
548.49,42.24
548.5,41.31
548.52,39.45
548.54,37.57
548.55,36.63
548.57,34.76
548.58,33.83
548.6,31.99
548.62,30.19
548.63,29.3
548.65,27.57
548.67,25.9
548.68,25.1
548.7,23.53
548.72,22.06
548.73,21.35
548.75,20.01
548.77,18.77
548.78,18.19
548.8,17.11
548.82,16.14
548.83,15.7
548.85,14.91
548.87,14.25
548.88,13.97
548.9,13.5
548.91,13.32
548.93,13.05
548.95,12.93
548.96,12.92
548.98,13.01
549.0,13.25
549.01,13.43
549.03,13.91
549.05,14.54
549.06,14.92
549.08,15.8
549.1,16.86
549.11,17.45
549.13,18.78
549.15,20.28
549.16,21.11
549.18,22.89
549.2,24.88
549.21,25.94
549.23,28.21
549.25,30.69
549.26,32.0
549.28,34.77
549.29,36.23
549.31,39.29
549.33,42.55
549.34,44.24
549.36,47.77
549.38,51.47
549.39,53.39
549.41,57.33
549.43,61.41
549.44,63.49
549.46,67.75
549.48,72.11
549.49,74.32
549.51,78.77
549.53,83.27
549.54,85.52
549.56,90.02
549.58,94.49
549.59,96.7
549.61,101.1
549.63,105.3
549.64,107.4
549.66,111.4
549.67,113.4
549.69,117.1
549.71,120.6
549.72,122.3
549.74,125.4
549.76,128.3
549.77,129.6
549.79,131.9
549.81,133.9
549.82,134.8
549.84,136.3
549.86,137.4
549.87,137.8
549.89,138.4
549.91,138.5
549.92,138.5
549.94,138.1
549.96,137.4
549.97,136.9
549.99,135.6
550.0,134.9
550.02,133.2
550.04,131.3
550.05,130.2
550.07,127.9
550.09,125.3
550.1,124.0
550.12,121.2
550.14,118.3
550.15,116.9
550.17,113.9
550.19,110.8
550.2,109.3
550.22,106.3
550.24,103.3
550.25,101.8
550.27,98.98
550.29,96.27
550.3,94.97
550.32,92.49
550.34,90.22
550.35,89.16
550.37,87.22
550.38,86.34
550.4,84.79
550.42,83.51
550.43,82.98
550.45,82.14
550.47,81.61
550.48,81.46
550.5,81.42
550.52,81.69
550.53,81.96
550.55,82.73
550.57,83.83
550.58,84.5
550.6,86.09
550.62,87.99
550.63,89.06
550.65,91.42
550.67,94.07
550.68,95.5
550.7,98.54
550.72,101.8
550.73,103.6
550.75,107.2
550.76,109.1
550.78,113.0
550.8,117.0
550.81,119.0
550.83,123.2
550.85,127.5
550.86,129.6
550.88,133.9
550.9,138.2
550.91,140.3
550.93,144.5
550.95,148.5
550.96,150.5
550.98,154.4
551.0,158.0
551.01,159.7
551.03,163.0
551.05,166.0
551.06,167.3
551.08,169.9
551.1,172.0
551.11,173.0
551.13,174.6
551.14,175.2
551.16,176.2
551.18,176.8
551.19,177.0
551.21,176.9
551.23,176.4
551.24,176.0
551.26,174.9
551.28,173.4
551.29,172.5
551.31,170.3
551.33,167.8
551.34,166.4
551.36,163.3
551.38,159.9
551.39,158.1
551.41,154.2
551.43,150.1
551.44,147.9
551.46,143.4
551.47,141.1
551.49,136.3
551.51,131.4
551.52,128.9
551.54,123.8
551.56,118.6
551.57,116.0
551.59,110.8
551.61,105.5
551.62,102.9
551.64,97.72
551.66,92.59
551.67,90.06
551.69,85.07
551.71,80.2
551.72,77.82
551.74,73.17
551.76,68.68
551.77,66.5
551.79,62.28
551.81,58.26
551.82,56.33
551.84,52.62
551.85,50.85
551.87,47.48
551.89,44.33
551.9,42.84
551.92,40.04
551.94,37.48
551.95,36.28
551.97,34.07
551.99,32.09
552.0,31.18
552.02,29.55
552.04,28.15
552.05,27.54
552.07,26.48
552.09,25.64
552.1,25.31
552.12,24.8
552.14,24.52
552.15,24.45
552.17,24.48
552.19,24.72
552.2,24.92
552.22,25.47
552.23,25.81
552.25,26.66
552.27,27.71
552.28,28.3
552.3,29.63
552.32,31.15
552.33,31.98
552.35,33.77
552.37,35.73
552.38,36.78
552.4,38.99
552.42,41.36
552.43,42.61
552.45,45.19
552.47,47.91
552.48,49.32
552.5,52.21
552.52,55.2
552.53,56.72
552.55,59.83
552.57,62.99
552.58,64.58
552.6,67.79
552.61,69.4
552.63,72.6
552.65,75.78
552.66,77.35
552.68,80.44
552.7,83.45
552.71,84.91
552.73,87.73
552.75,90.42
552.76,91.69
552.78,94.11
552.8,96.34
552.81,97.36
552.83,99.25
552.85,100.9
552.86,101.6
552.88,102.9
552.9,103.8
552.91,104.2
552.93,104.7
552.94,104.9
552.96,105.0
552.98,104.8
552.99,104.6
553.01,104.0
553.03,103.1
553.04,102.6
553.06,101.3
553.08,99.78
553.09,98.93
553.11,97.07
553.13,95.01
553.14,93.91
553.16,91.58
553.18,89.11
553.19,87.83
553.21,85.17
553.23,82.43
553.24,81.03
553.26,78.2
553.28,75.33
553.29,73.88
553.31,71.0
553.32,69.56
553.34,66.7
553.36,63.88
553.37,62.5
553.39,59.77
553.41,57.11
553.42,55.82
553.44,53.3
553.46,50.87
553.47,49.7
553.49,47.44
553.51,45.29
553.52,44.26
553.54,42.29
553.56,40.44
553.57,39.55
553.59,37.88
553.61,36.33
553.62,35.6
553.64,34.22
553.66,32.97
553.67,32.38
553.69,31.3
553.7,30.81
553.72,29.9
553.74,29.11
553.75,28.76
553.77,28.15
553.79,27.66
553.8,27.46
553.82,27.15
553.84,26.96
553.85,26.92
553.87,26.93
553.89,27.07
553.9,27.19
553.92,27.55
553.94,28.05
553.95,28.35
553.97,29.08
553.99,29.96
554.0,30.46
554.02,31.59
554.04,32.87
554.05,33.58
554.07,35.12
554.08,35.95
554.1,37.73
554.12,39.68
554.13,40.71
554.15,42.89
554.17,45.22
554.18,46.44
554.2,48.98
554.22,51.65
554.23,53.02
554.25,55.85
554.27,58.76
554.28,60.24
554.3,63.26
554.32,66.31
554.33,67.85
554.35,70.92
554.37,73.98
554.38,75.5
554.4,78.49
554.41,79.96
554.43,82.83
554.45,85.58
554.46,86.91
554.48,89.45
554.5,91.82
554.51,92.93
554.53,95.0
554.55,96.85
554.56,97.68
554.58,99.15
554.6,100.4
554.61,100.9
554.63,101.6
554.65,102.1
554.66,102.3
554.68,102.3
554.7,102.1
554.71,101.9
554.73,101.2
554.75,100.2
554.76,99.61
554.78,98.23
554.79,97.44
554.81,95.69
554.83,93.7
554.84,92.63
554.86,90.34
554.88,87.87
554.89,86.57
554.91,83.88
554.93,81.07
554.94,79.63
554.96,76.7
554.98,73.71
554.99,72.2
555.01,69.18
555.03,66.17
555.04,64.68
555.06,61.73
555.08,58.85
555.09,57.44
555.11,54.69
555.13,52.06
555.14,50.79
555.16,48.36
555.17,47.2
555.19,45.0
555.21,42.97
555.22,42.01
555.24,40.24
555.26,38.64
555.27,37.91
555.29,36.59
555.31,35.44
555.32,34.94
555.34,34.05
555.36,33.34
555.37,33.05
555.39,32.58
555.41,32.25
555.42,32.14
555.44,32.02
555.46,32.01
555.47,32.05
555.49,32.19
555.51,32.43
555.52,32.57
555.54,32.9
555.55,33.09
555.57,33.48
555.59,33.91
555.6,34.12
555.62,34.56
555.64,34.98
555.65,35.19
555.67,35.58
555.69,35.93
555.7,36.08
555.72,36.35
555.74,36.56
555.75,36.63
555.77,36.73
555.79,36.74
555.8,36.72
555.82,36.6
555.84,36.4
555.85,36.27
555.87,35.93
555.88,35.72
555.9,35.25
555.92,34.69
555.93,34.38
555.95,33.7
555.97,32.95
555.98,32.54
556.0,31.69
556.02,30.78
556.03,30.3
556.05,29.32
556.07,28.3
556.08,27.78
556.1,26.72
556.12,25.64
556.13,25.1
556.15,24.02
556.17,22.95
556.18,22.41
556.2,21.36
556.22,20.34
556.23,19.84
556.25,18.88
556.26,18.41
556.28,17.51
556.3,16.66
556.31,16.25
556.33,15.49
556.35,14.79
556.36,14.47
556.38,13.87
556.4,13.34
556.41,13.1
556.43,12.68
556.45,12.33
556.46,12.19
556.48,11.95
556.5,11.78
556.51,11.73
556.53,11.67
556.55,11.68
556.56,11.71
556.58,11.82
556.6,12.0
556.61,12.11
556.63,12.38
556.64,12.54
556.66,12.89
556.68,13.3
556.69,13.52
556.71,14.01
556.73,14.54
556.74,14.82
556.76,15.41
556.78,16.04
556.79,16.36
556.81,17.04
556.83,17.74
556.84,18.11
556.86,18.85
556.88,19.6
556.89,19.99
556.91,20.77
556.93,21.56
556.94,21.96
556.96,22.75
556.98,23.55
556.99,23.95
557.01,24.75
557.02,25.14
557.04,25.92
557.06,26.69
557.07,27.07
557.09,27.82
557.11,28.56
557.12,28.91
557.14,29.62
557.16,30.29
557.17,30.62
557.19,31.26
557.21,31.88
557.22,32.17
557.24,32.74
557.26,33.29
557.27,33.55
557.29,34.05
557.31,34.53
557.32,34.75
557.34,35.19
557.35,35.39
557.37,35.79
557.39,36.16
557.4,36.34
557.42,36.68
557.44,37.0
557.45,37.15
557.47,37.45
557.49,37.74
557.5,37.88
557.52,38.15
557.54,38.42
557.55,38.55
557.57,38.82
557.59,39.09
557.6,39.22
557.62,39.5
557.64,39.79
557.65,39.94
557.67,40.26
557.69,40.59
557.7,40.76
557.72,41.12
557.73,41.32
557.75,41.72
557.77,42.15
557.78,42.38
557.8,42.87
557.82,43.4
557.83,43.67
557.85,44.26
557.87,44.9
557.88,45.23
557.9,45.94
557.92,46.71
557.93,47.12
557.95,47.98
557.97,48.91
557.98,49.41
558.0,50.46
558.02,51.59
558.03,52.19
558.05,53.47
558.07,54.86
558.08,55.6
558.1,57.17
558.11,58.01
558.13,59.78
558.15,61.72
558.16,62.75
558.18,64.94
558.2,67.33
558.21,68.6
558.23,71.3
558.25,74.24
558.26,75.8
558.28,79.12
558.3,82.72
558.31,84.62
558.33,88.66
558.35,93.02
558.36,95.32
558.38,100.2
558.4,105.4
558.41,108.1
558.43,113.9
558.45,120.0
558.46,123.2
558.48,129.8
558.49,133.3
558.51,140.5
558.53,148.1
558.54,152.0
558.56,160.1
558.58,168.4
558.59,172.7
558.61,181.6
558.63,190.6
558.64,195.2
558.66,204.6
558.68,214.1
558.69,218.8
558.71,228.5
558.73,238.1
558.74,243.0
558.76,252.6
558.78,262.0
558.79,266.7
558.81,276.0
558.82,280.5
558.84,289.3
558.86,297.8
558.87,301.9
558.89,309.9
558.91,317.3
558.92,320.9
558.94,327.6
558.96,333.8
558.97,336.7
558.99,342.0
559.01,346.7
559.02,348.9
559.04,352.7
559.06,355.8
559.07,357.2
559.09,359.4
559.11,361.0
559.12,361.6
559.14,362.4
559.16,362.6
559.17,362.5
559.19,361.9
559.2,361.4
559.22,360.1
559.24,358.4
559.25,357.4
559.27,355.2
559.29,352.6
559.3,351.2
559.32,348.3
559.34,345.1
559.35,343.4
559.37,340.0
559.39,336.5
559.4,334.7
559.42,331.1
559.44,327.4
559.45,325.5
559.47,321.8
559.49,318.1
559.5,316.3
559.52,312.7
559.54,309.1
559.55,307.3
559.57,303.8
559.58,302.1
559.6,298.7
559.62,295.4
559.63,293.8
559.65,290.6
559.67,287.4
559.68,285.8
559.7,282.7
559.72,279.7
559.73,278.2
559.75,275.2
559.77,272.2
559.78,270.7
559.8,267.7
559.82,264.7
559.83,263.2
559.85,260.2
559.87,257.2
559.88,255.6
559.9,252.5
559.91,250.9
559.93,247.7
559.95,244.4
559.96,242.8
559.98,239.4
560.0,235.9
560.01,234.1
560.03,230.5
560.05,226.8
560.06,224.9
560.08,221.1
560.1,217.1
560.11,215.1
560.13,210.9
560.15,206.7
560.16,204.6
560.18,200.2
560.2,195.7
560.21,193.4
560.23,188.7
560.25,184.0
560.26,181.6
560.28,176.7
560.29,174.2
560.31,169.2
560.33,164.2
560.34,161.6
560.36,156.5
560.38,151.3
560.39,148.6
560.41,143.4
560.43,138.1
560.44,135.5
560.46,130.2
560.48,124.9
560.49,122.3
560.51,117.1
560.53,111.9
560.54,109.3
560.56,104.2
560.58,99.16
560.59,96.67
560.61,91.76
560.63,86.96
560.64,84.6
560.66,79.97
560.67,77.7
560.69,73.26
560.71,68.96
560.72,66.87
560.74,62.8
560.76,58.88
560.77,56.99
560.79,53.32
560.81,49.83
560.82,48.15
560.84,44.92
560.86,41.87
560.87,40.41
560.89,37.63
560.91,35.03
560.92,33.8
560.94,31.48
560.96,29.33
560.97,28.32
560.99,26.44
561.01,24.72
561.02,23.93
561.04,22.47
561.05,21.8
561.07,20.59
561.09,19.52
561.1,19.05
561.12,18.21
561.14,17.51
561.15,17.21
561.17,16.71
561.19,16.34
561.2,16.2
561.22,16.0
561.24,15.91
561.25,15.91
561.27,15.97
561.29,16.12
561.3,16.23
561.32,16.5
561.34,16.84
561.35,17.03
561.37,17.47
561.38,17.7
561.4,18.21
561.42,18.76
561.43,19.05
561.45,19.64
561.47,20.26
561.48,20.58
561.5,21.22
561.52,21.86
561.53,22.18
561.55,22.83
561.57,23.47
561.58,23.78
561.6,24.4
561.62,25.0
561.63,25.29
561.65,25.86
561.67,26.4
561.68,26.66
561.7,27.16
561.72,27.64
561.73,27.86
561.75,28.29
561.76,28.5
561.78,28.89
561.8,29.25
561.81,29.42
561.83,29.75
561.85,30.05
561.86,30.2
561.88,30.47
561.9,30.72
561.91,30.85
561.93,31.08
561.95,31.3
561.96,31.4
561.98,31.61
562.0,31.81
562.01,31.9
562.03,32.09
562.05,32.27
562.06,32.36
562.08,32.53
562.1,32.7
562.11,32.78
562.13,32.93
562.14,33.01
562.16,33.15
562.18,33.29
562.19,33.35
562.21,33.47
562.23,33.57
562.24,33.62
562.26,33.7
562.28,33.76
562.29,33.78
562.31,33.81
562.33,33.83
562.34,33.83
562.36,33.81
562.38,33.77
562.39,33.74
562.41,33.68
562.43,33.59
562.44,33.54
562.46,33.43
562.48,33.3
562.49,33.23
562.51,33.09
562.52,33.01
562.54,32.86
562.56,32.71
562.57,32.63
562.59,32.48
562.61,32.34
562.62,32.27
562.64,32.15
562.66,32.04
562.67,31.99
562.69,31.91
562.71,31.85
562.72,31.83
562.74,31.81
562.76,31.82
562.77,31.83
562.79,31.87
562.81,31.94
562.82,31.98
562.84,32.08
562.85,32.14
562.87,32.26
562.89,32.41
562.9,32.48
562.92,32.64
562.94,32.81
562.95,32.89
562.97,33.04
562.99,33.19
563.0,33.26
563.02,33.39
563.04,33.49
563.05,33.53
563.07,33.58
563.09,33.6
563.1,33.6
563.12,33.55
563.14,33.45
563.15,33.39
563.17,33.21
563.19,32.98
563.2,32.84
563.22,32.53
563.23,32.34
563.25,31.94
563.27,31.47
563.28,31.21
563.3,30.66
563.32,30.04
563.33,29.72
563.35,29.03
563.37,28.29
563.38,27.91
563.4,27.11
563.42,26.27
563.43,25.84
563.45,24.96
563.47,24.05
563.48,23.59
563.5,22.67
563.52,21.73
563.53,21.26
563.55,20.32
563.57,19.39
563.58,18.92
563.6,18.01
563.61,17.56
563.63,16.67
563.65,15.82
563.66,15.4
563.68,14.59
563.7,13.81
563.71,13.44
563.73,12.73
563.75,12.06
563.76,11.74
563.78,11.15
563.8,10.6
563.81,10.35
563.83,9.882
563.85,9.471
563.86,9.286
563.88,8.96
563.9,8.691
563.91,8.578
563.93,8.396
563.95,8.272
563.96,8.232
563.98,8.196
563.99,8.2
564.01,8.251
564.03,8.36
564.04,8.436
564.06,8.63
564.08,8.879
564.09,9.024
564.11,9.354
564.13,9.736
564.14,9.946
564.16,10.4
564.18,10.9
564.19,11.17
564.21,11.74
564.23,12.35
564.24,12.66
564.26,13.32
564.28,14.01
564.29,14.37
564.31,15.1
564.32,15.47
564.34,16.22
564.36,16.99
564.37,17.37
564.39,18.15
564.41,18.92
564.42,19.3
564.44,20.06
564.46,20.8
564.47,21.16
564.49,21.87
564.51,22.54
564.52,22.86
564.54,23.48
564.56,24.05
564.57,24.32
564.59,24.82
564.61,25.26
564.62,25.46
564.64,25.81
564.66,26.1
564.67,26.22
564.69,26.42
564.7,26.49
564.72,26.58
564.74,26.61
564.75,26.59
564.77,26.52
564.79,26.38
564.8,26.29
564.82,26.06
564.84,25.78
564.85,25.61
564.87,25.25
564.89,24.84
564.9,24.62
564.92,24.15
564.94,23.65
564.95,23.39
564.97,22.85
564.99,22.29
565.0,22.0
565.02,21.42
565.04,20.84
565.05,20.55
565.07,19.97
565.08,19.68
565.1,19.11
565.12,18.55
565.13,18.28
565.15,17.75
565.17,17.25
565.18,17.01
565.2,16.54
565.22,16.11
565.23,15.9
565.25,15.51
565.27,15.14
565.28,14.97
565.3,14.66
565.32,14.37
565.33,14.24
565.35,14.0
565.37,13.79
565.38,13.69
565.4,13.51
565.42,13.36
565.43,13.29
565.45,13.17
565.46,13.12
565.48,13.02
565.5,12.94
565.51,12.9
565.53,12.84
565.55,12.78
565.56,12.76
565.58,12.71
565.6,12.67
565.61,12.66
565.63,12.62
565.65,12.59
565.66,12.57
565.68,12.53
565.7,12.5
565.71,12.48
565.73,12.45
565.75,12.41
565.76,12.39
565.78,12.34
565.79,12.32
565.81,12.28
565.83,12.23
565.84,12.2
565.86,12.15
565.88,12.1
565.89,12.07
565.91,12.02
565.93,11.96
565.94,11.93
565.96,11.87
565.98,11.81
565.99,11.78
566.01,11.72
566.03,11.65
566.04,11.62
566.06,11.55
566.08,11.48
566.09,11.44
566.11,11.36
566.13,11.28
566.14,11.23
566.16,11.14
566.17,11.09
566.19,10.99
566.21,10.88
566.22,10.82
566.24,10.7
566.26,10.57
566.27,10.5
566.29,10.35
566.31,10.2
566.32,10.12
566.34,9.942
566.36,9.758
566.37,9.662
566.39,9.462
566.41,9.251
566.42,9.141
566.44,8.915
566.46,8.68
566.47,8.559
566.49,8.311
566.51,8.055
566.52,7.925
566.54,7.661
566.55,7.528
566.57,7.258
566.59,6.986
566.6,6.85
566.62,6.578
566.64,6.307
566.65,6.173
566.67,5.908
566.69,5.649
566.7,5.522
566.72,5.275
566.74,5.038
566.75,4.924
566.77,4.704
566.79,4.499
566.8,4.402
566.82,4.221
566.84,4.058
566.85,3.983
566.87,3.849
566.89,3.736
566.9,3.688
566.92,3.608
566.93,3.578
566.95,3.536
566.97,3.519
566.98,3.521
567.0,3.545
567.02,3.597
567.03,3.634
567.05,3.731
567.07,3.859
567.08,3.935
567.1,4.111
567.12,4.321
567.13,4.439
567.15,4.702
567.17,5.002
567.18,5.166
567.2,5.525
567.22,5.926
567.23,6.143
567.25,6.61
567.26,6.862
567.28,7.404
567.3,7.998
567.31,8.317
567.33,9.0
567.35,9.748
567.36,10.15
567.38,11.0
567.4,11.94
567.41,12.44
567.43,13.51
567.45,14.68
567.46,15.31
567.48,16.65
567.5,18.11
567.51,18.9
567.53,20.57
567.55,22.41
567.56,23.39
567.58,25.49
567.6,27.79
567.61,29.01
567.63,31.63
567.64,33.03
567.66,36.0
567.68,39.24
567.69,40.96
567.71,44.62
567.73,48.59
567.74,50.69
567.76,55.13
567.78,59.92
567.79,62.45
567.81,67.78
567.83,73.49
567.84,76.48
567.86,82.77
567.88,89.45
567.89,92.95
567.91,100.2
567.93,107.9
567.94,111.9
567.96,120.2
567.98,128.9
567.99,133.4
568.01,142.7
568.02,147.5
568.04,157.3
568.06,167.5
568.07,172.8
568.09,183.5
568.11,194.5
568.12,200.1
568.14,211.5
568.16,223.1
568.17,229.1
568.19,241.0
568.21,253.2
568.22,259.3
568.24,271.7
568.26,284.2
568.27,290.5
568.29,303.1
568.31,315.7
568.32,322.0
568.34,334.6
568.36,347.2
568.37,353.5
568.39,366.0
568.4,372.2
568.42,384.5
568.44,396.6
568.45,402.6
568.47,414.5
568.49,426.1
568.5,431.9
568.52,443.1
568.54,454.0
568.55,459.4
568.57,469.8
568.59,479.8
568.6,484.7
568.62,494.0
568.64,502.8
568.65,507.1
568.67,515.1
568.69,522.5
568.7,525.9
568.72,532.3
568.73,535.2
568.75,540.5
568.77,545.0
568.78,546.9
568.8,550.1
568.82,552.3
568.83,553.1
568.85,554.0
568.87,553.8
568.88,553.3
568.9,551.6
568.92,548.8
568.93,547.0
568.95,542.6
568.97,537.2
568.98,534.0
569.0,526.9
569.02,518.8
569.03,514.4
569.05,504.8
569.07,494.2
569.08,488.6
569.1,476.7
569.11,470.4
569.13,457.3
569.15,443.4
569.16,436.2
569.18,421.5
569.2,406.1
569.21,398.3
569.23,382.4
569.25,366.1
569.26,357.9
569.28,341.3
569.3,324.7
569.31,316.3
569.33,299.7
569.35,283.2
569.36,275.0
569.38,258.7
569.4,242.8
569.41,235.0
569.43,219.6
569.45,204.7
569.46,197.4
569.48,183.3
569.49,176.4
569.51,163.0
569.53,150.3
569.54,144.2
569.56,132.3
569.58,121.2
569.59,115.8
569.61,105.6
569.63,96.04
569.64,91.5
569.66,82.88
569.68,74.87
569.69,71.1
569.71,63.99
569.73,57.45
569.74,54.39
569.76,48.66
569.78,43.45
569.79,41.02
569.81,36.53
569.83,32.47
569.84,30.6
569.86,27.16
569.87,25.58
569.89,22.7
569.91,20.15
569.92,18.99
569.94,16.9
569.96,15.09
569.97,14.28
569.99,12.85
570.01,11.65
570.02,11.12
570.04,10.23
570.06,9.518
570.07,9.229
570.09,8.772
570.11,8.47
570.12,8.373
570.14,8.283
570.16,8.322
570.17,8.388
570.19,8.607
570.2,8.76
570.22,9.146
570.24,9.636
570.25,9.918
570.27,10.56
570.29,11.29
570.3,11.69
570.32,12.55
570.34,13.5
570.35,14.0
570.37,15.07
570.39,16.21
570.4,16.81
570.42,18.05
570.44,19.36
570.45,20.04
570.47,21.44
570.49,22.88
570.5,23.62
570.52,25.13
570.54,26.68
570.55,27.46
570.57,29.04
570.58,29.83
570.6,31.43
570.62,33.03
570.63,33.82
570.65,35.4
570.67,36.95
570.68,37.72
570.7,39.21
570.72,40.66
570.73,41.36
570.75,42.72
570.77,44.0
570.78,44.61
570.8,45.76
570.82,46.81
570.83,47.29
570.85,48.18
570.87,48.96
570.88,49.3
570.9,49.88
570.92,50.34
570.93,50.52
570.95,50.77
570.96,50.85
570.98,50.9
571.0,50.81
571.01,50.72
571.03,50.43
571.05,50.0
571.06,49.74
571.08,49.13
571.1,48.39
571.11,47.98
571.13,47.07
571.15,46.06
571.16,45.52
571.18,44.37
571.2,43.14
571.21,42.49
571.23,41.15
571.25,39.75
571.26,39.04
571.28,37.57
571.29,36.82
571.31,35.31
571.33,33.78
571.34,33.01
571.36,31.47
571.38,29.93
571.39,29.16
571.41,27.64
571.43,26.15
571.44,25.41
571.46,23.96
571.48,22.55
571.49,21.86
571.51,20.51
571.53,19.21
571.54,18.58
571.56,17.37
571.58,16.2
571.59,15.64
571.61,14.56
571.63,13.55
571.64,13.06
571.66,12.13
571.67,11.68
571.69,10.84
571.71,10.05
571.72,9.672
571.74,8.963
571.76,8.307
571.77,7.998
571.79,7.417
571.81,6.882
571.82,6.632
571.84,6.165
571.86,5.74
571.87,5.543
571.89,5.178
571.91,4.85
571.92,4.7
571.94,4.425
571.96,4.185
571.97,4.077
571.99,3.885
572.01,3.725
572.02,3.657
572.04,3.543
572.05,3.498
572.07,3.43
572.09,3.393
572.1,3.386
572.12,3.396
572.14,3.439
572.15,3.473
572.17,3.565
572.19,3.693
572.2,3.77
572.22,3.953
572.24,4.174
572.25,4.3
572.27,4.581
572.29,4.905
572.3,5.084
572.32,5.474
572.34,5.91
572.35,6.146
572.37,6.653
572.39,7.209
572.4,7.505
572.42,8.135
572.43,8.468
572.45,9.172
572.47,9.925
572.48,10.32
572.5,11.14
572.52,12.02
572.53,12.47
572.55,13.4
572.57,14.38
572.58,14.88
572.6,15.91
572.62,16.97
572.63,17.5
572.65,18.6
572.67,19.71
572.68,20.27
572.7,21.39
572.72,22.51
572.73,23.07
572.75,24.19
572.76,24.74
572.78,25.82
572.8,26.87
572.81,27.39
572.83,28.38
572.85,29.33
572.86,29.78
572.88,30.64
572.9,31.44
572.91,31.81
572.93,32.49
572.95,33.1
572.96,33.37
572.98,33.84
573.0,34.22
573.01,34.37
573.03,34.61
573.05,34.74
573.06,34.77
573.08,34.76
573.1,34.65
573.11,34.55
573.13,34.29
573.14,34.13
573.16,33.72
573.18,33.23
573.19,32.96
573.21,32.34
573.23,31.64
573.24,31.27
573.26,30.47
573.28,29.61
573.29,29.16
573.31,28.22
573.33,27.24
573.34,26.73
573.36,25.7
573.38,24.64
573.39,24.11
573.41,23.03
573.43,21.94
573.44,21.39
573.46,20.31
573.48,19.24
573.49,18.7
573.51,17.65
573.52,17.14
573.54,16.13
573.56,15.14
573.57,14.66
573.59,13.73
573.61,12.84
573.62,12.41
573.64,11.57
573.66,10.78
573.67,10.41
573.69,9.681
573.71,9.0
573.72,8.677
573.74,8.063
573.76,7.492
573.77,7.222
573.79,6.713
573.81,6.245
573.82,6.025
573.84,5.614
573.86,5.237
573.87,5.062
573.89,4.735
573.9,4.583
573.92,4.3
573.94,4.044
573.95,3.925
573.97,3.705
573.99,3.506
574.0,3.413
574.02,3.242
574.04,3.087
574.05,3.015
574.07,2.88
574.09,2.757
574.1,2.7
574.12,2.592
574.14,2.492
574.15,2.445
574.17,2.355
574.19,2.271
574.2,2.231
574.22,2.154
574.23,2.117
574.25,2.046
574.27,1.978
574.28,1.945
574.3,1.883
574.32,1.823
574.33,1.795
574.35,1.741
574.37,1.691
574.38,1.667
574.4,1.624
574.42,1.586
574.43,1.569
574.45,1.539
574.47,1.517
574.48,1.509
574.5,1.5
574.52,1.5
574.53,1.504
574.55,1.521
574.57,1.55
574.58,1.57
574.6,1.622
574.61,1.654
574.63,1.731
574.65,1.828
574.66,1.884
574.68,2.012
574.7,2.165
574.71,2.251
574.73,2.443
574.75,2.664
574.76,2.786
574.78,3.055
574.8,3.358
574.81,3.524
574.83,3.883
574.85,4.283
574.86,4.498
574.88,4.962
574.9,5.471
574.91,5.744
574.93,6.324
574.95,6.955
574.96,7.289
574.98,7.997
574.99,8.37
575.01,9.158
575.03,9.999
575.04,10.44
575.06,11.36
575.08,12.34
575.09,12.84
575.11,13.9
575.13,15.0
575.14,15.57
575.16,16.74
575.18,17.95
575.19,18.57
575.21,19.85
575.23,21.15
575.24,21.81
575.26,23.15
575.28,24.51
575.29,25.2
575.31,26.57
575.33,27.95
575.34,28.63
575.36,29.99
575.37,30.67
575.39,32.0
575.41,33.29
575.42,33.93
575.44,35.17
575.46,36.35
575.47,36.92
575.49,38.01
575.51,39.03
575.52,39.51
575.54,40.4
575.56,41.21
575.57,41.58
575.59,42.24
575.61,42.81
575.62,43.05
575.64,43.45
575.66,43.74
575.67,43.84
575.69,43.96
575.7,43.98
575.72,43.93
575.74,43.77
575.75,43.65
575.77,43.33
575.79,42.91
575.8,42.66
575.82,42.09
575.84,41.43
575.85,41.07
575.87,40.29
575.89,39.43
575.9,38.98
575.92,38.03
575.94,37.02
575.95,36.51
575.97,35.44
575.99,34.35
576.0,33.79
576.02,32.67
576.04,31.54
576.05,30.97
576.07,29.84
576.08,29.28
576.1,28.17
576.12,27.09
576.13,26.56
576.15,25.52
576.17,24.52
576.18,24.04
576.2,23.11
576.22,22.23
576.23,21.81
576.25,21.01
576.27,20.27
576.28,19.92
576.3,19.27
576.32,18.68
576.33,18.41
576.35,17.91
576.37,17.47
576.38,17.27
576.4,16.92
576.42,16.63
576.43,16.51
576.45,16.3
576.46,16.22
576.48,16.08
576.5,16.0
576.51,15.98
576.53,15.97
576.55,15.99
576.56,16.02
576.58,16.11
576.6,16.23
576.61,16.3
576.63,16.47
576.65,16.67
576.66,16.78
576.68,17.02
576.7,17.27
576.71,17.41
576.73,17.7
576.75,18.0
576.76,18.16
576.78,18.49
576.8,18.82
576.81,19.0
576.83,19.35
576.84,19.53
576.86,19.89
576.88,20.26
576.89,20.44
576.91,20.81
576.93,21.19
576.94,21.37
576.96,21.74
576.98,22.11
576.99,22.29
577.01,22.64
577.03,22.98
577.04,23.15
577.06,23.48
577.08,23.8
577.09,23.95
577.11,24.23
577.13,24.5
577.14,24.63
577.16,24.87
577.17,24.98
577.19,25.18
577.21,25.35
577.22,25.43
577.24,25.56
577.26,25.66
577.27,25.7
577.29,25.76
577.31,25.78
577.32,25.78
577.34,25.75
577.36,25.69
577.37,25.65
577.39,25.54
577.41,25.4
577.42,25.32
577.44,25.13
577.46,24.91
577.47,24.78
577.49,24.52
577.51,24.23
577.52,24.07
577.54,23.74
577.55,23.57
577.57,23.2
577.59,22.82
577.6,22.62
577.62,22.2
577.64,21.77
577.65,21.56
577.67,21.11
577.69,20.65
577.7,20.42
577.72,19.95
577.74,19.48
577.75,19.24
577.77,18.76
577.79,18.28
577.8,18.04
577.82,17.56
577.84,17.09
577.85,16.85
577.87,16.38
577.89,15.92
577.9,15.69
577.92,15.24
577.93,15.02
577.95,14.59
577.97,14.16
577.98,13.95
578.0,13.54
578.02,13.15
578.03,12.95
578.05,12.58
578.07,12.21
578.08,12.04
578.1,11.69
578.12,11.36
578.13,11.2
578.15,10.89
578.17,10.6
578.18,10.46
578.2,10.19
578.22,9.934
578.23,9.812
578.25,9.579
578.27,9.362
578.28,9.259
578.3,9.065
578.31,8.974
578.33,8.804
578.35,8.65
578.36,8.578
578.38,8.448
578.4,8.333
578.41,8.282
578.43,8.191
578.45,8.117
578.46,8.086
578.48,8.036
578.5,8.002
578.51,7.992
578.53,7.983
578.55,7.991
578.56,8.001
578.58,8.033
578.6,8.082
578.61,8.113
578.63,8.187
578.64,8.23
578.66,8.328
578.68,8.442
578.69,8.505
578.71,8.642
578.73,8.793
578.74,8.875
578.76,9.047
578.78,9.233
578.79,9.331
578.81,9.534
578.83,9.748
578.84,9.858
578.86,10.08
578.88,10.32
578.89,10.44
578.91,10.68
578.93,10.92
578.94,11.04
578.96,11.29
578.98,11.53
578.99,11.65
579.01,11.88
579.02,11.99
579.04,12.21
579.06,12.42
579.07,12.52
579.09,12.71
579.11,12.88
579.12,12.95
579.14,13.09
579.16,13.21
579.17,13.26
579.19,13.35
579.21,13.41
579.22,13.43
579.24,13.44
579.26,13.43
579.27,13.42
579.29,13.37
579.31,13.29
579.32,13.24
579.34,13.12
579.36,12.97
579.37,12.89
579.39,12.71
579.4,12.61
579.42,12.39
579.44,12.15
579.45,12.02
579.47,11.76
579.49,11.48
579.5,11.33
579.52,11.04
579.54,10.73
579.55,10.58
579.57,10.27
579.59,9.955
579.6,9.8
579.62,9.493
579.64,9.191
579.65,9.044
579.67,8.757
579.69,8.483
579.7,8.351
579.72,8.1
579.73,7.981
579.75,7.758
579.77,7.555
579.78,7.462
579.8,7.292
579.82,7.146
579.83,7.081
579.85,6.971
579.87,6.885
579.88,6.851
579.9,6.801
579.92,6.775
579.93,6.771
579.95,6.779
579.97,6.809
579.98,6.832
580.0,6.892
580.02,6.97
580.03,7.016
580.05,7.119
580.07,7.236
580.08,7.299
580.1,7.433
580.11,7.504
580.13,7.652
580.15,7.807
580.16,7.886
580.18,8.048
580.2,8.211
580.21,8.294
580.23,8.458
580.25,8.621
580.26,8.702
580.28,8.862
580.3,9.018
580.31,9.095
580.33,9.244
580.35,9.39
580.36,9.461
580.38,9.6
580.4,9.735
580.41,9.801
580.43,9.932
580.45,10.06
580.46,10.12
580.48,10.25
580.49,10.32
580.51,10.45
580.53,10.59
580.54,10.66
580.56,10.81
580.58,10.97
580.59,11.05
580.61,11.23
580.63,11.42
580.64,11.52
580.66,11.75
580.68,11.99
580.69,12.12
580.71,12.4
580.73,12.71
580.74,12.88
580.76,13.23
580.78,13.62
580.79,13.82
580.81,14.26
580.83,14.73
580.84,14.98
580.86,15.51
580.87,15.79
580.89,16.37
580.91,16.99
580.92,17.32
580.94,17.99
580.96,18.7
580.97,19.07
580.99,19.83
581.01,20.62
581.02,21.03
581.04,21.87
581.06,22.73
581.07,23.17
581.09,24.06
581.11,24.97
581.12,25.43
581.14,26.35
581.16,27.28
581.17,27.75
581.19,28.69
581.2,29.15
581.22,30.08
581.24,30.99
581.25,31.44
581.27,32.32
581.29,33.17
581.3,33.59
581.32,34.39
581.34,35.16
581.35,35.52
581.37,36.22
581.39,36.86
581.4,37.16
581.42,37.71
581.44,38.2
581.45,38.42
581.47,38.8
581.49,39.11
581.5,39.24
581.52,39.43
581.54,39.55
581.55,39.57
581.57,39.56
581.58,39.52
581.6,39.39
581.62,39.17
581.63,39.03
581.65,38.68
581.67,38.25
581.68,38.01
581.7,37.47
581.72,36.85
581.73,36.51
581.75,35.79
581.77,35.0
581.78,34.58
581.8,33.71
581.82,32.78
581.83,32.3
581.85,31.31
581.87,30.28
581.88,29.75
581.9,28.68
581.92,27.58
581.93,27.03
581.95,25.91
581.96,25.36
581.98,24.24
582.0,23.12
582.01,22.57
582.03,21.47
582.05,20.39
582.06,19.85
582.08,18.81
582.1,17.79
582.11,17.3
582.13,16.34
582.15,15.41
582.16,14.97
582.18,14.11
582.2,13.3
582.21,12.91
582.23,12.17
582.25,11.48
582.26,11.16
582.28,10.55
582.3,9.987
582.31,9.728
582.33,9.249
582.34,9.03
582.36,8.631
582.38,8.284
582.39,8.13
582.41,7.861
582.43,7.642
582.44,7.551
582.46,7.406
582.48,7.308
582.49,7.277
582.51,7.249
582.53,7.266
582.54,7.29
582.56,7.37
582.58,7.491
582.59,7.566
582.61,7.745
582.63,7.96
582.64,8.081
582.66,8.347
582.67,8.492
582.69,8.805
582.71,9.146
582.72,9.327
582.74,9.707
582.76,10.11
582.77,10.32
582.79,10.75
582.81,11.2
582.82,11.43
582.84,11.9
582.86,12.37
582.87,12.61
582.89,13.09
582.91,13.58
582.92,13.82
582.94,14.3
582.96,14.77
582.97,15.0
582.99,15.45
583.01,15.88
583.02,16.09
583.04,16.5
583.05,16.69
583.07,17.05
583.09,17.38
583.1,17.54
583.12,17.82
583.14,18.06
583.15,18.17
583.17,18.35
583.19,18.49
583.2,18.54
583.22,18.62
583.24,18.64
583.25,18.64
583.27,18.6
583.29,18.51
583.3,18.44
583.32,18.28
583.34,18.08
583.35,17.96
583.37,17.69
583.39,17.37
583.4,17.2
583.42,16.83
583.43,16.63
583.45,16.21
583.47,15.76
583.48,15.52
583.5,15.03
583.52,14.52
583.53,14.25
583.55,13.72
583.57,13.16
583.58,12.88
583.6,12.32
583.62,11.76
583.63,11.47
583.65,10.91
583.67,10.36
583.68,10.08
583.7,9.544
583.72,9.022
583.73,8.768
583.75,8.276
583.77,7.808
583.78,7.584
583.8,7.157
583.81,6.955
583.83,6.576
583.85,6.231
583.86,6.073
583.88,5.785
583.9,5.538
583.91,5.43
583.93,5.247
583.95,5.109
583.96,5.058
583.98,4.992
584.0,4.974
584.01,4.985
584.03,5.044
584.05,5.157
584.06,5.233
584.08,5.427
584.1,5.676
584.11,5.822
584.13,6.156
584.14,6.345
584.16,6.765
584.18,7.243
584.19,7.504
584.21,8.068
584.23,8.69
584.24,9.022
584.26,9.727
584.28,10.49
584.29,10.89
584.31,11.73
584.33,12.62
584.34,13.08
584.36,14.03
584.38,15.03
584.39,15.55
584.41,16.6
584.43,17.69
584.44,18.24
584.46,19.37
584.48,20.51
584.49,21.09
584.51,22.25
584.52,22.83
584.54,23.99
584.56,25.15
584.57,25.73
584.59,26.86
584.61,27.98
584.62,28.53
584.64,29.6
584.66,30.63
584.67,31.14
584.69,32.11
584.71,33.04
584.72,33.49
584.74,34.34
584.76,35.14
584.77,35.52
584.79,36.24
584.81,36.9
584.82,37.22
584.84,37.81
584.86,38.36
584.87,38.62
584.89,39.12
584.9,39.35
584.92,39.81
584.94,40.26
584.95,40.48
584.97,40.92
584.99,41.39
585.0,41.63
585.02,42.14
585.04,42.71
585.05,43.01
585.07,43.69
585.09,44.45
585.1,44.88
585.12,45.82
585.14,46.89
585.15,47.48
585.17,48.78
585.19,50.25
585.2,51.06
585.22,52.81
585.24,54.77
585.25,55.83
585.27,58.12
585.28,59.34
585.3,61.96
585.32,64.81
585.33,66.33
585.35,69.52
585.37,72.95
585.38,74.74
585.4,78.49
585.42,82.44
585.43,84.49
585.45,88.71
585.47,93.1
585.48,95.35
585.5,99.94
585.52,104.6
585.53,107.0
585.55,111.8
585.57,116.6
585.58,119.0
585.6,123.8
585.61,126.1
585.63,130.8
585.65,135.4
585.66,137.6
585.68,141.9
585.7,146.0
585.71,148.0
585.73,151.7
585.75,155.1
585.76,156.7
585.78,159.6
585.8,162.1
585.81,163.2
585.83,165.2
585.85,166.7
585.86,167.2
585.88,168.1
585.9,168.4
585.91,168.5
585.93,168.1
585.95,167.3
585.96,166.8
585.98,165.3
585.99,164.4
586.01,162.3
586.03,159.7
586.04,158.3
586.06,155.2
586.08,151.7
586.09,149.8
586.11,145.8
586.13,141.6
586.14,139.3
586.16,134.7
586.18,129.9
586.19,127.4
586.21,122.4
586.23,117.2
586.24,114.6
586.26,109.4
586.28,104.2
586.29,101.5
586.31,96.31
586.33,91.15
586.34,88.61
586.36,83.6
586.37,81.14
586.39,76.33
586.41,71.67
586.42,69.41
586.44,65.03
586.46,60.85
586.47,58.84
586.49,54.98
586.51,51.34
586.52,49.6
586.54,46.3
586.56,43.23
586.57,41.78
586.59,39.05
586.61,36.55
586.62,35.38
586.64,33.19
586.66,31.21
586.67,30.3
586.69,28.61
586.71,27.1
586.72,26.41
586.74,25.15
586.75,24.58
586.77,23.55
586.79,22.64
586.8,22.24
586.82,21.51
586.84,20.89
586.85,20.61
586.87,20.12
586.89,19.71
586.9,19.53
586.92,19.2
586.94,18.93
586.95,18.81
586.97,18.6
586.99,18.42
587.0,18.34
587.02,18.2
587.04,18.07
587.05,18.02
587.07,17.91
587.08,17.86
587.1,17.76
587.12,17.68
587.13,17.63
587.15,17.55
587.17,17.48
587.18,17.45
587.2,17.38
587.22,17.33
587.23,17.3
587.25,17.27
587.27,17.25
587.28,17.25
587.3,17.26
587.32,17.3
587.33,17.33
587.35,17.41
587.37,17.53
587.38,17.61
587.4,17.79
587.42,18.03
587.43,18.17
587.45,18.49
587.46,18.68
587.48,19.11
587.5,19.62
587.51,19.9
587.53,20.54
587.55,21.29
587.56,21.71
587.58,22.63
587.6,23.7
587.61,24.3
587.63,25.62
587.65,27.14
587.66,27.98
587.68,29.85
587.7,32.01
587.71,33.21
587.73,35.89
587.75,38.99
587.76,40.71
587.78,44.58
587.8,49.06
587.81,51.57
587.83,57.19
587.84,60.33
587.86,67.38
587.88,75.58
587.89,80.17
587.91,90.46
587.93,102.4
587.94,109.1
587.96,124.0
587.98,141.3
587.99,151.0
588.01,172.5
588.03,197.3
588.04,211.1
588.06,241.7
588.08,276.8
588.09,296.2
588.11,339.0
588.13,387.8
588.14,414.6
588.16,473.6
588.18,540.3
588.19,576.8
588.21,656.5
588.22,699.9
588.24,794.5
588.26,900.1
588.27,957.4
588.29,1081.0
588.31,1218.0
588.32,1292.0
588.34,1451.0
588.36,1626.0
588.37,1719.0
588.39,1919.0
588.41,2137.0
588.42,2252.0
588.44,2498.0
588.46,2763.0
588.47,2903.0
588.49,3198.0
588.51,3514.0
588.52,3680.0
588.54,4028.0
588.55,4209.0
588.57,4588.0
588.59,4988.0
588.6,5195.0
588.62,5624.0
588.64,6073.0
588.65,6303.0
588.67,6778.0
588.69,7269.0
588.7,7520.0
588.72,8032.0
588.74,8556.0
588.75,8822.0
588.77,9360.0
588.79,9904.0
588.8,10180.0
588.82,10730.0
588.84,11280.0
588.85,11550.0
588.87,12090.0
588.89,12630.0
588.9,12890.0
588.92,13410.0
588.93,13670.0
588.95,14170.0
588.97,14650.0
588.98,14880.0
589.0,15330.0
589.02,15750.0
589.03,15950.0
589.05,16340.0
589.07,16690.0
589.08,16850.0
589.1,17160.0
589.12,17430.0
589.13,17550.0
589.15,17780.0
589.17,17960.0
589.18,18040.0
589.2,18170.0
589.22,18270.0
589.23,18310.0
589.25,18350.0
589.27,18370.0
589.28,18360.0
589.3,18320.0
589.31,18290.0
589.33,18210.0
589.35,18100.0
589.36,18040.0
589.38,17890.0
589.4,17720.0
589.41,17620.0
589.43,17410.0
589.45,17190.0
589.46,17070.0
589.48,16810.0
589.5,16550.0
589.51,16410.0
589.53,16120.0
589.55,15810.0
589.56,15660.0
589.58,15340.0
589.6,15010.0
589.61,14850.0
589.63,14510.0
589.64,14340.0
589.66,13990.0
589.68,13630.0
589.69,13460.0
589.71,13090.0
589.73,12730.0
589.74,12550.0
589.76,12170.0
589.78,11800.0
589.79,11610.0
589.81,11240.0
589.83,10860.0
589.84,10670.0
589.86,10290.0
589.88,9909.0
589.89,9719.0
589.91,9339.0
589.93,8959.0
589.94,8770.0
589.96,8393.0
589.98,8019.0
589.99,7833.0
590.01,7463.0
590.02,7280.0
590.04,6917.0
590.06,6559.0
590.07,6383.0
590.09,6034.0
590.11,5694.0
590.12,5526.0
590.14,5197.0
590.16,4877.0
590.17,4721.0
590.19,4415.0
590.21,4120.0
590.22,3977.0
590.24,3698.0
590.26,3431.0
590.27,3302.0
590.29,3052.0
590.31,2814.0
590.32,2700.0
590.34,2481.0
590.36,2274.0
590.37,2175.0
590.39,1986.0
590.4,1896.0
590.42,1724.0
590.44,1565.0
590.45,1489.0
590.47,1346.0
590.49,1214.0
590.5,1151.0
590.52,1034.0
590.54,926.8
590.55,876.5
590.57,782.4
590.59,696.8
590.6,656.9
590.62,582.9
590.64,515.9
590.65,485.0
590.67,427.8
590.69,376.5
590.7,352.9
590.72,309.5
590.74,270.9
590.75,253.2
590.77,220.9
590.78,206.2
590.8,179.4
590.82,155.8
590.83,145.1
590.85,125.7
590.87,108.7
590.88,101.0
590.9,87.2
590.92,75.17
590.93,69.77
590.95,60.05
590.97,51.65
590.98,47.89
591.0,41.15
591.02,35.35
591.03,32.77
591.05,28.14
591.07,24.18
591.08,22.41
591.1,19.26
591.11,17.86
591.13,15.37
591.15,13.23
591.16,12.28
591.18,10.59
591.2,9.145
591.21,8.501
591.23,7.355
591.25,6.372
591.26,5.934
591.28,5.153
591.3,4.482
591.31,4.183
591.33,3.648
591.35,3.187
591.36,2.981
591.38,2.612
591.4,2.293
591.41,2.15
591.43,1.895
591.45,1.674
591.46,1.575
591.48,1.398
591.49,1.318
591.51,1.176
591.53,1.054
591.54,0.9994
591.56,0.9021
591.58,0.8189
591.59,0.7821
591.61,0.7168
591.63,0.6618
591.64,0.6376
591.66,0.5955
591.68,0.5606
591.69,0.5457
591.71,0.5202
591.73,0.4999
591.74,0.4916
591.76,0.478
591.78,0.4682
591.79,0.4645
591.81,0.4594
591.83,0.4569
591.84,0.4565
591.86,0.4573
591.87,0.4583
591.89,0.4617
591.91,0.4665
591.92,0.4694
591.94,0.4759
591.96,0.4834
591.97,0.4875
591.99,0.4961
592.01,0.5054
592.02,0.5102
592.04,0.5202
592.06,0.5306
592.07,0.5359
592.09,0.5468
592.11,0.558
592.12,0.5637
592.14,0.5753
592.16,0.5871
592.17,0.5931
592.19,0.6053
592.21,0.6177
592.22,0.624
592.24,0.6367
592.25,0.6431
592.27,0.6562
592.29,0.6696
592.3,0.6764
592.32,0.6901
592.34,0.7041
592.35,0.7113
592.37,0.7257
592.39,0.7404
592.4,0.7479
592.42,0.7631
592.44,0.7786
592.45,0.7864
592.47,0.8023
592.49,0.8185
592.5,0.8267
592.52,0.8433
592.54,0.8601
592.55,0.8687
592.57,0.886
592.58,0.8948
592.6,0.9126
592.62,0.9309
592.63,0.9402
592.65,0.9591
592.67,0.9787
592.68,0.9887
592.7,1.009
592.72,1.031
592.73,1.043
592.75,1.066
592.77,1.092
592.78,1.106
592.8,1.134
592.82,1.166
592.83,1.184
592.85,1.221
592.87,1.263
592.88,1.286
592.9,1.337
592.92,1.395
592.93,1.427
592.95,1.499
592.96,1.538
592.98,1.626
593.0,1.728
593.01,1.784
593.03,1.909
593.05,2.053
593.06,2.133
593.08,2.311
593.1,2.514
593.11,2.626
593.13,2.874
593.15,3.156
593.16,3.311
593.18,3.652
593.2,4.037
593.21,4.248
593.23,4.708
593.25,5.224
593.26,5.505
593.28,6.114
593.3,6.792
593.31,7.158
593.33,7.949
593.34,8.375
593.36,9.29
593.38,10.3
593.39,10.83
593.41,11.98
593.43,13.23
593.44,13.9
593.46,15.31
593.48,16.83
593.49,17.64
593.51,19.33
593.53,21.15
593.54,22.1
593.56,24.1
593.58,26.21
593.59,27.31
593.61,29.61
593.63,32.01
593.64,33.26
593.66,35.83
593.68,38.51
593.69,39.88
593.71,42.7
593.72,44.14
593.74,47.07
593.76,50.07
593.77,51.6
593.79,54.68
593.81,57.79
593.82,59.35
593.84,62.49
593.86,65.62
593.87,67.18
593.89,70.27
593.91,73.31
593.92,74.81
593.94,77.75
593.96,80.6
593.97,81.98
593.99,84.66
594.01,87.21
594.02,88.43
594.04,90.74
594.05,91.84
594.07,93.9
594.09,95.78
594.1,96.64
594.12,98.22
594.14,99.59
594.15,100.2
594.17,101.2
594.19,102.1
594.2,102.4
594.22,102.9
594.24,103.3
594.25,103.3
594.27,103.3
594.29,103.2
594.3,103.0
594.32,102.6
594.34,102.0
594.35,101.6
594.37,100.8
594.39,99.85
594.4,99.35
594.42,98.26
594.43,97.69
594.45,96.5
594.47,95.25
594.48,94.62
594.5,93.33
594.52,92.03
594.53,91.38
594.55,90.1
594.57,88.85
594.58,88.23
594.6,87.04
594.62,85.9
594.63,85.36
594.65,84.32
594.67,83.35
594.68,82.89
594.7,82.03
594.72,81.25
594.73,80.89
594.75,80.22
594.77,79.61
594.78,79.34
594.8,78.83
594.81,78.59
594.83,78.16
594.85,77.76
594.86,77.58
594.88,77.22
594.9,76.88
594.91,76.72
594.93,76.38
594.95,76.02
594.96,75.84
594.98,75.44
595.0,75.01
595.01,74.77
595.03,74.26
595.05,73.69
595.06,73.38
595.08,72.7
595.1,71.94
595.11,71.53
595.13,70.65
595.15,69.68
595.16,69.16
595.18,68.06
595.19,67.48
595.21,66.25
595.23,64.94
595.24,64.26
595.26,62.83
595.28,61.33
595.29,60.55
595.31,58.96
595.33,57.3
595.34,56.46
595.36,54.73
595.38,52.97
595.39,52.08
595.41,50.28
595.43,48.46
595.44,47.55
595.46,45.72
595.48,43.9
595.49,42.99
595.51,41.19
595.52,40.3
595.54,38.53
595.56,36.8
595.57,35.95
595.59,34.27
595.61,32.65
595.62,31.85
595.64,30.3
595.66,28.8
595.67,28.08
595.69,26.67
595.71,25.32
595.72,24.67
595.74,23.41
595.76,22.22
595.77,21.64
595.79,20.54
595.81,19.5
595.82,19.01
595.84,18.06
595.86,17.17
595.87,16.75
595.89,15.95
595.9,15.57
595.92,14.85
595.94,14.19
595.95,13.88
595.97,13.29
595.99,12.75
596.0,12.5
596.02,12.03
596.04,11.61
596.05,11.42
596.07,11.07
596.09,10.76
596.1,10.62
596.12,10.37
596.14,10.17
596.15,10.08
596.17,9.938
596.19,9.835
596.2,9.798
596.22,9.755
596.24,9.75
596.25,9.762
596.27,9.815
596.28,9.856
596.3,9.965
596.32,10.11
596.33,10.2
596.35,10.4
596.37,10.63
596.38,10.76
596.4,11.04
596.42,11.35
596.43,11.52
596.45,11.88
596.47,12.26
596.48,12.45
596.5,12.87
596.52,13.3
596.53,13.52
596.55,13.97
596.57,14.43
596.58,14.67
596.6,15.14
596.62,15.61
596.63,15.85
596.65,16.31
596.66,16.54
596.68,16.99
596.7,17.43
596.71,17.64
596.73,18.05
596.75,18.43
596.76,18.61
596.78,18.95
596.8,19.25
596.81,19.39
596.83,19.65
596.85,19.86
596.86,19.95
596.88,20.1
596.9,20.21
596.91,20.25
596.93,20.29
596.95,20.29
596.96,20.27
596.98,20.2
596.99,20.15
597.01,20.02
597.03,19.84
597.04,19.74
597.06,19.51
597.08,19.25
597.09,19.1
597.11,18.79
597.13,18.45
597.14,18.28
597.16,17.9
597.18,17.51
597.19,17.31
597.21,16.91
597.23,16.49
597.24,16.29
597.26,15.87
597.28,15.46
597.29,15.25
597.31,14.85
597.33,14.47
597.34,14.28
597.36,13.92
597.37,13.75
597.39,13.42
597.41,13.12
597.42,12.98
597.44,12.73
597.46,12.5
597.47,12.4
597.49,12.22
597.51,12.08
597.52,12.03
597.54,11.94
597.56,11.88
597.57,11.87
597.59,11.86
597.61,11.89
597.62,11.91
597.64,11.98
597.66,12.08
597.67,12.14
597.69,12.28
597.71,12.43
597.72,12.52
597.74,12.7
597.75,12.79
597.77,12.99
597.79,13.2
597.8,13.31
597.82,13.52
597.84,13.73
597.85,13.83
597.87,14.04
597.89,14.23
597.9,14.32
597.92,14.49
597.94,14.64
597.95,14.71
597.97,14.84
597.99,14.93
598.0,14.97
598.02,15.03
598.04,15.05
598.05,15.06
598.07,15.04
598.09,14.99
598.1,14.95
598.12,14.85
598.13,14.79
598.15,14.64
598.17,14.46
598.18,14.36
598.2,14.13
598.22,13.88
598.23,13.74
598.25,13.44
598.27,13.12
598.28,12.95
598.3,12.59
598.32,12.22
598.33,12.02
598.35,11.62
598.37,11.21
598.38,11.0
598.4,10.57
598.42,10.13
598.43,9.914
598.45,9.472
598.46,9.251
598.48,8.809
598.5,8.37
598.51,8.153
598.53,7.722
598.55,7.3
598.56,7.092
598.58,6.685
598.6,6.291
598.61,6.099
598.63,5.725
598.65,5.368
598.66,5.195
598.68,4.862
598.7,4.548
598.71,4.397
598.73,4.11
598.75,3.841
598.76,3.714
598.78,3.474
598.8,3.253
598.81,3.149
598.83,2.956
598.84,2.866
598.86,2.7
598.88,2.551
598.89,2.483
598.91,2.359
598.93,2.251
598.94,2.202
598.96,2.116
598.98,2.044
598.99,2.012
599.01,1.958
599.03,1.916
599.04,1.899
599.06,1.871
599.08,1.853
599.09,1.847
599.11,1.839
599.13,1.839
599.14,1.841
599.16,1.848
599.18,1.859
599.19,1.865
599.21,1.881
599.22,1.889
599.24,1.907
599.26,1.925
599.27,1.934
599.29,1.952
599.31,1.969
599.32,1.977
599.34,1.991
599.36,2.002
599.37,2.007
599.39,2.014
599.41,2.017
599.42,2.017
599.44,2.014
599.46,2.007
599.47,2.002
599.49,1.988
599.51,1.97
599.52,1.96
599.54,1.935
599.55,1.921
599.57,1.89
599.59,1.855
599.6,1.836
599.62,1.795
599.64,1.751
599.65,1.728
599.67,1.679
599.69,1.628
599.7,1.602
599.72,1.547
599.74,1.492
599.75,1.463
599.77,1.406
599.79,1.348
599.8,1.319
599.82,1.262
599.84,1.205
599.85,1.177
599.87,1.122
599.89,1.069
599.9,1.043
599.92,0.9935
599.93,0.9697
599.95,0.9247
599.97,0.8832
599.98,0.864
600.0,0.8285
600.02,0.7977
600.03,0.784
600.05,0.7607
600.07,0.7428
600.08,0.736
600.1,0.727
600.12,0.7244
600.13,0.7256
600.15,0.7331
600.17,0.748
600.18,0.7582
600.2,0.7845
600.22,0.8188
600.23,0.839
600.25,0.886
600.27,0.9417
600.28,0.973
600.3,1.042
600.31,1.081
600.33,1.164
600.35,1.257
600.36,1.308
600.38,1.416
600.4,1.534
600.41,1.597
600.43,1.73
600.45,1.873
600.46,1.948
600.48,2.106
600.5,2.274
600.51,2.361
600.53,2.542
600.55,2.732
600.56,2.83
600.58,3.032
600.6,3.242
600.61,3.349
600.63,3.568
600.65,3.792
600.66,3.905
600.68,4.136
600.69,4.252
600.71,4.486
600.73,4.722
600.74,4.839
600.76,5.074
600.78,5.307
600.79,5.422
600.81,5.649
600.83,5.871
600.84,5.98
600.86,6.191
600.88,6.394
600.89,6.492
600.91,6.68
600.93,6.855
600.94,6.939
600.96,7.095
600.98,7.237
600.99,7.302
601.01,7.421
601.02,7.474
601.04,7.568
601.06,7.645
601.07,7.676
601.09,7.727
601.11,7.759
601.12,7.768
601.14,7.774
601.16,7.762
601.17,7.749
601.19,7.711
601.21,7.656
601.22,7.623
601.24,7.545
601.26,7.453
601.27,7.401
601.29,7.289
601.31,7.164
601.32,7.098
601.34,6.959
601.36,6.811
601.37,6.734
601.39,6.576
601.4,6.495
601.42,6.33
601.44,6.163
601.45,6.079
601.47,5.911
601.49,5.745
601.5,5.663
601.52,5.503
601.54,5.349
601.55,5.275
601.57,5.133
601.59,5.001
601.6,4.94
601.62,4.827
601.64,4.728
601.65,4.685
601.67,4.612
601.69,4.557
601.7,4.537
601.72,4.514
601.74,4.514
601.75,4.523
601.77,4.561
601.78,4.59
601.8,4.669
601.82,4.778
601.83,4.844
601.85,5.001
601.87,5.191
601.88,5.299
601.9,5.543
601.92,5.823
601.93,5.978
601.95,6.317
601.97,6.696
601.98,6.901
602.0,7.342
602.02,7.825
602.03,8.082
602.05,8.629
602.07,9.219
602.08,9.53
602.1,10.18
602.12,10.88
602.13,11.24
602.15,12.0
602.16,12.39
602.18,13.2
602.2,14.05
602.21,14.49
602.23,15.38
602.25,16.31
602.26,16.78
602.28,17.74
602.3,18.72
602.31,19.22
602.33,20.22
602.35,21.22
602.36,21.73
602.38,22.73
602.4,23.73
602.41,24.23
602.43,25.2
602.45,26.16
602.46,26.62
602.48,27.53
602.49,27.97
602.51,28.82
602.53,29.62
602.54,30.0
602.56,30.72
602.58,31.38
602.59,31.69
602.61,32.25
602.63,32.73
602.64,32.94
602.66,33.31
602.68,33.59
602.69,33.7
602.71,33.86
602.73,33.93
602.74,33.93
602.76,33.87
602.78,33.72
602.79,33.62
602.81,33.34
602.83,32.98
602.84,32.77
602.86,32.28
602.87,32.02
602.89,31.42
602.91,30.76
602.92,30.4
602.94,29.64
602.96,28.83
602.97,28.4
602.99,27.52
603.01,26.59
603.02,26.11
603.04,25.13
603.06,24.12
603.07,23.61
603.09,22.58
603.11,21.54
603.12,21.01
603.14,19.96
603.16,18.92
603.17,18.4
603.19,17.38
603.21,16.36
603.22,15.87
603.24,14.89
603.25,14.41
603.27,13.48
603.29,12.57
603.3,12.13
603.32,11.29
603.34,10.47
603.35,10.08
603.37,9.333
603.39,8.625
603.4,8.287
603.42,7.644
603.44,7.045
603.45,6.763
603.47,6.23
603.49,5.742
603.5,5.514
603.52,5.091
603.54,4.71
603.55,4.536
603.57,4.218
603.59,3.941
603.6,3.817
603.62,3.599
603.63,3.505
603.65,3.343
603.67,3.217
603.68,3.168
603.7,3.094
603.72,3.054
603.73,3.046
603.75,3.053
603.77,3.09
603.78,3.12
603.8,3.199
603.82,3.306
603.83,3.369
603.85,3.513
603.87,3.681
603.88,3.774
603.9,3.975
603.92,4.196
603.93,4.313
603.95,4.562
603.96,4.692
603.98,4.965
604.0,5.252
604.01,5.4
604.03,5.704
604.05,6.019
604.06,6.179
604.08,6.505
604.1,6.836
604.11,7.003
604.13,7.339
604.15,7.675
604.16,7.843
604.18,8.177
604.2,8.508
604.21,8.671
604.23,8.993
604.25,9.306
604.26,9.46
604.28,9.758
604.3,10.05
604.31,10.18
604.33,10.45
604.34,10.58
604.36,10.83
604.38,11.05
604.39,11.16
604.41,11.37
604.43,11.56
604.44,11.64
604.46,11.81
604.48,11.95
604.49,12.02
604.51,12.14
604.53,12.24
604.54,12.29
604.56,12.37
604.58,12.43
604.59,12.46
604.61,12.51
604.63,12.54
604.64,12.55
604.66,12.57
604.68,12.58
604.69,12.58
604.71,12.57
604.72,12.56
604.74,12.55
604.76,12.52
604.77,12.51
604.79,12.47
604.81,12.44
604.82,12.42
604.84,12.37
604.86,12.32
604.87,12.3
604.89,12.24
604.91,12.18
604.92,12.15
604.94,12.09
604.96,12.01
604.97,11.98
604.99,11.9
605.01,11.81
605.02,11.77
605.04,11.67
605.06,11.56
605.07,11.51
605.09,11.39
605.1,11.33
605.12,11.2
605.14,11.06
605.15,10.98
605.17,10.83
605.19,10.66
605.2,10.57
605.22,10.39
605.24,10.19
605.25,10.09
605.27,9.882
605.29,9.662
605.3,9.549
605.32,9.315
605.34,9.072
605.35,8.948
605.37,8.694
605.39,8.434
605.4,8.302
605.42,8.033
605.43,7.898
605.45,7.625
605.47,7.349
605.48,7.211
605.5,6.934
605.52,6.659
605.53,6.522
605.55,6.249
605.57,5.98
605.58,5.848
605.6,5.586
605.62,5.331
605.63,5.206
605.65,4.962
605.67,4.726
605.68,4.611
605.7,4.389
605.72,4.177
605.73,4.075
605.75,3.879
605.77,3.694
605.78,3.606
605.8,3.439
605.81,3.36
605.83,3.21
605.85,3.074
605.86,3.01
605.88,2.892
605.9,2.787
605.91,2.74
605.93,2.654
605.95,2.581
605.96,2.55
605.98,2.497
606.0,2.456
606.01,2.441
606.03,2.42
606.05,2.412
606.06,2.413
606.08,2.424
606.1,2.449
606.11,2.465
606.13,2.509
606.15,2.565
606.16,2.598
606.18,2.672
606.19,2.714
606.21,2.807
606.23,2.912
606.24,2.969
606.26,3.091
606.28,3.224
606.29,3.294
606.31,3.443
606.33,3.601
606.34,3.683
606.36,3.854
606.38,4.033
606.39,4.125
606.41,4.313
606.43,4.507
606.44,4.606
606.46,4.806
606.48,5.008
606.49,5.11
606.51,5.314
606.53,5.517
606.54,5.618
606.56,5.817
606.57,5.915
606.59,6.107
606.61,6.293
606.62,6.383
606.64,6.557
606.66,6.721
606.67,6.799
606.69,6.945
606.71,7.079
606.72,7.141
606.74,7.253
606.76,7.349
606.77,7.391
606.79,7.463
606.81,7.517
606.82,7.537
606.84,7.564
606.86,7.572
606.87,7.57
606.89,7.55
606.9,7.534
606.92,7.487
606.94,7.422
606.95,7.383
606.97,7.292
606.99,7.185
607.0,7.125
607.02,6.995
607.04,6.85
607.05,6.773
607.07,6.609
607.09,6.434
607.1,6.342
607.12,6.153
607.14,5.955
607.15,5.854
607.17,5.647
607.19,5.435
607.2,5.328
607.22,5.113
607.24,4.896
607.25,4.788
607.27,4.571
607.28,4.464
607.3,4.251
607.32,4.042
607.33,3.939
607.35,3.738
607.37,3.542
607.38,3.447
607.4,3.262
607.42,3.086
607.43,3.001
607.45,2.837
607.47,2.683
607.48,2.61
607.5,2.471
607.52,2.342
607.53,2.282
607.55,2.17
607.57,2.069
607.58,2.023
607.6,1.94
607.62,1.868
607.63,1.837
607.65,1.783
607.66,1.761
607.68,1.727
607.7,1.705
607.71,1.699
607.73,1.698
607.75,1.71
607.76,1.722
607.78,1.756
607.8,1.805
607.81,1.836
607.83,1.91
607.85,2.001
607.86,2.054
607.88,2.173
607.9,2.311
607.91,2.388
607.93,2.559
607.95,2.751
607.96,2.857
607.98,3.086
608.0,3.341
608.01,3.479
608.03,3.776
608.04,3.935
608.06,4.277
608.08,4.65
608.09,4.848
608.11,5.271
608.13,5.728
608.14,5.97
608.16,6.482
608.18,7.03
608.19,7.319
608.21,7.924
608.23,8.569
608.24,8.906
608.26,9.608
608.28,10.35
608.29,10.73
608.31,11.53
608.33,12.37
608.34,12.8
608.36,13.68
608.37,14.14
608.39,15.08
608.41,16.04
608.42,16.53
608.44,17.53
608.46,18.56
608.47,19.08
608.49,20.12
608.51,21.18
608.52,21.71
608.54,22.78
608.56,23.85
608.57,24.38
608.59,25.43
608.61,26.48
608.62,26.99
608.64,28.0
608.66,28.98
608.67,29.46
608.69,30.38
608.71,31.27
608.72,31.69
608.74,32.5
608.75,32.89
608.77,33.61
608.79,34.28
608.8,34.58
608.82,35.14
608.84,35.63
608.85,35.85
608.87,36.22
608.89,36.52
608.9,36.64
608.92,36.81
608.94,36.9
608.95,36.92
608.97,36.89
608.99,36.77
609.0,36.69
609.02,36.46
609.04,36.15
609.05,35.96
609.07,35.54
609.09,35.06
609.1,34.79
609.12,34.21
609.13,33.89
609.15,33.23
609.17,32.51
609.18,32.14
609.2,31.36
609.22,30.55
609.23,30.14
609.25,29.29
609.27,28.42
609.28,27.99
609.3,27.11
609.32,26.24
609.33,25.81
609.35,24.95
609.37,24.11
609.38,23.7
609.4,22.91
609.42,22.15
609.43,21.79
609.45,21.1
609.46,20.78
609.48,20.18
609.5,19.64
609.51,19.4
609.53,18.97
609.55,18.62
609.56,18.48
609.58,18.25
609.6,18.12
609.61,18.09
609.63,18.11
609.65,18.23
609.66,18.33
609.68,18.61
609.7,18.99
609.71,19.23
609.73,19.78
609.75,20.45
609.76,20.83
609.78,21.67
609.8,22.62
609.81,23.14
609.83,24.26
609.84,24.87
609.86,26.15
609.88,27.53
609.89,28.26
609.91,29.8
609.93,31.42
609.94,32.26
609.96,34.01
609.98,35.83
609.99,36.76
610.01,38.67
610.03,40.63
610.04,41.62
610.06,43.63
610.08,45.66
610.09,46.68
610.11,48.72
610.13,50.75
610.14,51.76
610.16,53.75
610.18,55.69
610.19,56.65
610.21,58.5
610.22,59.4
610.24,61.14
610.26,62.78
610.27,63.56
610.29,65.03
610.31,66.38
610.32,67.01
610.34,68.15
610.36,69.14
610.37,69.58
610.39,70.34
610.41,70.93
610.42,71.16
610.44,71.49
610.46,71.65
610.47,71.66
610.49,71.55
610.51,71.27
610.52,71.06
610.54,70.51
610.56,69.8
610.57,69.38
610.59,68.43
610.6,67.89
610.62,66.71
610.64,65.39
610.65,64.68
610.67,63.16
610.69,61.53
610.7,60.68
610.72,58.9
610.74,57.03
610.75,56.07
610.77,54.1
610.79,52.07
610.8,51.04
610.82,48.95
610.84,46.84
610.85,45.78
610.87,43.65
610.89,41.53
610.9,40.48
610.92,38.38
610.93,37.34
610.95,35.3
610.97,33.29
610.98,32.31
611.0,30.39
611.02,28.53
611.03,27.63
611.05,25.88
611.07,24.21
611.08,23.41
611.1,21.86
611.12,20.41
611.13,19.72
611.15,18.42
611.17,17.21
611.18,16.65
611.2,15.6
611.22,14.66
611.23,14.23
611.25,13.46
611.27,12.81
611.28,12.52
611.3,12.05
611.31,11.85
611.33,11.56
611.35,11.4
611.36,11.36
611.38,11.39
611.4,11.56
611.41,11.7
611.43,12.08
611.45,12.61
611.46,12.93
611.48,13.69
611.5,14.61
611.51,15.13
611.53,16.3
611.55,17.64
611.56,18.37
611.58,19.98
611.6,21.77
611.61,22.73
611.63,24.8
611.65,27.07
611.66,28.28
611.68,30.83
611.69,32.19
611.71,35.04
611.73,38.09
611.74,39.69
611.76,43.04
611.78,46.57
611.79,48.41
611.81,52.21
611.83,56.19
611.84,58.25
611.86,62.47
611.88,66.83
611.89,69.06
611.91,73.62
611.93,78.27
611.94,80.63
611.96,85.41
611.98,90.23
611.99,92.66
612.01,97.51
612.03,102.4
612.04,104.8
612.06,109.6
612.07,111.9
612.09,116.6
612.11,121.1
612.12,123.3
612.14,127.6
612.16,131.7
612.17,133.6
612.19,137.4
612.21,140.8
612.22,142.5
612.24,145.5
612.26,148.2
612.27,149.4
612.29,151.6
612.31,153.4
612.32,154.1
612.34,155.4
612.36,156.2
612.37,156.4
612.39,156.6
612.4,156.6
612.42,156.2
612.44,155.4
612.45,154.8
612.47,153.4
612.49,151.6
612.5,150.5
612.52,148.2
612.54,145.5
612.55,144.0
612.57,140.8
612.59,137.4
612.6,135.5
612.62,131.7
612.64,127.6
612.65,125.5
612.67,121.1
612.69,116.6
612.7,114.3
612.72,109.6
612.74,104.8
612.75,102.4
612.77,97.57
612.78,95.15
612.8,90.31
612.82,85.49
612.83,83.1
612.85,78.37
612.87,73.72
612.88,71.43
612.9,66.95
612.92,62.58
612.93,60.46
612.95,56.31
612.97,52.33
612.98,50.4
613.0,46.67
613.02,43.11
613.03,41.41
613.05,38.13
613.07,35.04
613.08,33.57
613.1,30.76
613.12,28.14
613.13,26.9
613.15,24.55
613.16,23.44
613.18,21.35
613.2,19.44
613.21,18.54
613.23,16.87
613.25,15.34
613.26,14.64
613.28,13.33
613.3,12.16
613.31,11.62
613.33,10.63
613.35,9.757
613.36,9.361
613.38,8.645
613.4,8.024
613.41,7.747
613.43,7.256
613.45,6.842
613.46,6.663
613.48,6.353
613.5,6.106
613.51,6.004
613.53,5.84
613.54,5.776
613.56,5.683
613.58,5.63
613.59,5.618
613.61,5.62
613.63,5.653
613.64,5.68
613.66,5.752
613.68,5.847
613.69,5.903
613.71,6.026
613.73,6.166
613.74,6.241
613.76,6.401
613.78,6.57
613.79,6.659
613.81,6.841
613.83,7.03
613.84,7.126
613.86,7.323
613.87,7.422
613.89,7.623
613.91,7.826
613.92,7.928
613.94,8.133
613.96,8.338
613.97,8.441
613.99,8.646
614.01,8.851
614.02,8.953
614.04,9.158
614.06,9.362
614.07,9.464
614.09,9.668
614.11,9.872
614.12,9.974
614.14,10.18
614.16,10.39
614.17,10.49
614.19,10.7
614.21,10.92
614.22,11.03
614.24,11.25
614.25,11.36
614.27,11.59
614.29,11.82
614.3,11.95
614.32,12.19
614.34,12.45
614.35,12.58
614.37,12.86
614.39,13.14
614.4,13.29
614.42,13.59
614.44,13.91
614.45,14.08
614.47,14.42
614.49,14.77
614.5,14.95
614.52,15.33
614.54,15.73
614.55,15.93
614.57,16.35
614.59,16.79
614.6,17.01
614.62,17.48
614.63,17.71
614.65,18.2
614.67,18.7
614.68,18.96
614.7,19.49
614.72,20.03
614.73,20.31
614.75,20.88
614.77,21.46
614.78,21.76
614.8,22.37
614.82,22.99
614.83,23.31
614.85,23.96
614.87,24.62
614.88,24.96
614.9,25.65
614.92,26.36
614.93,26.73
614.95,27.47
614.97,28.24
614.98,28.63
615.0,29.44
615.01,29.85
615.03,30.71
615.05,31.6
615.06,32.06
615.08,33.01
615.1,34.01
615.11,34.53
615.13,35.61
615.15,36.75
615.16,37.35
615.18,38.6
615.2,39.93
615.21,40.63
615.23,42.1
615.25,43.68
615.26,44.51
615.28,46.26
615.3,48.15
615.31,49.15
615.33,51.26
615.34,52.38
615.36,54.74
615.38,57.29
615.39,58.64
615.41,61.51
615.43,64.59
615.44,66.23
615.46,69.69
615.48,73.41
615.49,75.38
615.51,79.53
615.53,84.0
615.54,86.35
615.56,91.3
615.58,96.6
615.59,99.38
615.61,105.2
615.63,111.4
615.64,114.7
615.66,121.5
615.68,128.6
615.69,132.4
615.71,140.1
615.72,144.2
615.74,152.5
615.76,161.2
615.77,165.7
615.79,175.0
615.81,184.7
615.82,189.6
615.84,199.7
615.86,210.1
615.87,215.4
615.89,226.2
615.91,237.2
615.92,242.8
615.94,254.0
615.96,265.3
615.97,271.0
615.99,282.3
616.01,293.6
616.02,299.3
616.04,310.4
616.06,321.4
616.07,326.8
616.09,337.4
616.1,342.6
616.12,352.7
616.14,362.4
616.15,367.1
616.17,376.1
616.19,384.5
616.2,388.5
616.22,396.0
616.24,402.8
616.25,406.0
616.27,411.8
616.29,416.8
616.3,419.0
616.32,422.9
616.34,426.0
616.35,427.2
616.37,429.1
616.39,430.2
616.4,430.4
616.42,430.3
616.44,429.4
616.45,428.7
616.47,426.7
616.48,425.4
616.5,422.4
616.52,418.7
616.53,416.6
616.55,412.0
616.57,406.8
616.58,404.0
616.6,398.1
616.62,391.8
616.63,388.5
616.65,381.6
616.67,374.4
616.68,370.7
616.7,363.1
616.72,355.4
616.73,351.5
616.75,343.5
616.77,335.5
616.78,331.4
616.8,323.3
616.81,319.3
616.83,311.2
616.85,303.1
616.86,299.1
616.88,291.1
616.9,283.2
616.91,279.3
616.93,271.6
616.95,263.9
616.96,260.1
616.98,252.6
617.0,245.2
617.01,241.6
617.03,234.4
617.05,227.3
617.06,223.8
617.08,216.8
617.1,209.9
617.11,206.5
617.13,199.8
617.15,193.1
617.16,189.8
617.18,183.3
617.19,180.0
617.21,173.6
617.23,167.2
617.24,164.0
617.26,157.7
617.28,151.5
617.29,148.4
617.31,142.3
617.33,136.2
617.34,133.2
617.36,127.3
617.38,121.4
617.39,118.6
617.41,112.9
617.43,107.2
617.44,104.5
617.46,99.06
617.48,93.76
617.49,91.16
617.51,86.07
617.53,81.13
617.54,78.72
617.56,74.02
617.57,71.74
617.59,67.3
617.61,63.04
617.62,60.98
617.64,57.0
617.66,53.21
617.67,51.39
617.69,47.9
617.71,44.6
617.72,43.03
617.74,40.03
617.76,37.24
617.77,35.91
617.79,33.41
617.81,31.09
617.82,30.0
617.84,27.97
617.86,26.11
617.87,25.24
617.89,23.63
617.91,22.19
617.92,21.53
617.94,20.31
617.95,19.75
617.97,18.74
617.99,17.86
618.0,17.46
618.02,16.75
618.04,16.15
618.05,15.88
618.07,15.42
618.09,15.04
618.1,14.88
618.12,14.6
618.14,14.39
618.15,14.31
618.17,14.17
618.19,14.08
618.2,14.05
618.22,14.01
618.24,14.0
618.25,14.0
618.27,14.01
618.28,14.03
618.3,14.06
618.32,14.1
618.33,14.12
618.35,14.16
618.37,14.2
618.38,14.21
618.4,14.24
618.42,14.27
618.43,14.28
618.45,14.29
618.47,14.29
618.48,14.29
618.5,14.27
618.52,14.25
618.53,14.24
618.55,14.2
618.57,14.16
618.58,14.14
618.6,14.09
618.62,14.04
618.63,14.01
618.65,13.96
618.66,13.93
618.68,13.88
618.7,13.84
618.71,13.81
618.73,13.78
618.75,13.75
618.76,13.73
618.78,13.72
618.8,13.72
618.81,13.72
618.83,13.74
618.85,13.77
618.86,13.79
618.88,13.85
618.9,13.92
618.91,13.96
618.93,14.05
618.95,14.16
618.96,14.22
618.98,14.36
619.0,14.5
619.01,14.58
619.03,14.75
619.04,14.84
619.06,15.02
619.08,15.22
619.09,15.32
619.11,15.53
619.13,15.75
619.14,15.86
619.16,16.08
619.18,16.31
619.19,16.43
619.21,16.66
619.23,16.9
619.24,17.02
619.26,17.25
619.28,17.49
619.29,17.61
619.31,17.84
619.33,18.07
619.34,18.18
619.36,18.41
619.38,18.64
619.39,18.75
619.41,18.97
619.42,19.08
619.44,19.29
619.46,19.51
619.47,19.61
619.49,19.82
619.51,20.03
619.52,20.14
619.54,20.34
619.56,20.55
619.57,20.66
619.59,20.86
619.61,21.07
619.62,21.17
619.64,21.38
619.66,21.58
619.67,21.69
619.69,21.89
619.71,22.09
619.72,22.19
619.74,22.39
619.75,22.49
619.77,22.68
619.79,22.87
619.8,22.96
619.82,23.14
619.84,23.31
619.85,23.39
619.87,23.54
619.89,23.68
619.9,23.74
619.92,23.86
619.94,23.96
619.95,24.0
619.97,24.06
619.99,24.1
620.0,24.12
620.02,24.12
620.04,24.1
620.05,24.08
620.07,24.01
620.09,23.91
620.1,23.85
620.12,23.71
620.13,23.62
620.15,23.43
620.17,23.2
620.18,23.07
620.2,22.79
620.22,22.47
620.23,22.31
620.25,21.94
620.27,21.54
620.28,21.33
620.3,20.89
620.32,20.42
620.33,20.18
620.35,19.66
620.37,19.13
620.38,18.85
620.4,18.29
620.42,17.7
620.43,17.4
620.45,16.79
620.47,16.17
620.48,15.86
620.5,15.23
620.51,14.91
620.53,14.27
620.55,13.62
620.56,13.3
620.58,12.67
620.6,12.03
620.61,11.72
620.63,11.09
620.65,10.48
620.66,10.18
620.68,9.589
620.7,9.012
620.71,8.729
620.73,8.177
620.75,7.644
620.76,7.385
620.78,6.882
620.8,6.401
620.81,6.168
620.83,5.719
620.84,5.503
620.86,5.087
620.88,4.695
620.89,4.507
620.91,4.148
620.93,3.812
620.94,3.652
620.96,3.349
620.98,3.067
620.99,2.934
621.01,2.683
621.03,2.452
621.04,2.344
621.06,2.142
621.08,1.957
621.09,1.872
621.11,1.713
621.13,1.57
621.14,1.505
621.16,1.385
621.18,1.279
621.19,1.231
621.21,1.145
621.22,1.106
621.24,1.038
621.26,0.9807
621.27,0.9562
621.29,0.9149
621.31,0.8832
621.32,0.8708
621.34,0.8527
621.36,0.8432
621.37,0.8414
621.39,0.8438
621.41,0.8537
621.42,0.8614
621.44,0.882
621.46,0.9095
621.47,0.9257
621.49,0.9629
621.51,1.006
621.52,1.031
621.54,1.083
621.56,1.142
621.57,1.173
621.59,1.241
621.6,1.276
621.62,1.352
621.64,1.433
621.65,1.475
621.67,1.564
621.69,1.658
621.7,1.706
621.72,1.807
621.74,1.913
621.75,1.967
621.77,2.079
621.79,2.195
621.8,2.254
621.82,2.375
621.84,2.499
621.85,2.562
621.87,2.69
621.89,2.82
621.9,2.885
621.92,3.017
621.94,3.15
621.95,3.217
621.97,3.35
621.98,3.416
622.0,3.548
622.02,3.679
622.03,3.743
622.05,3.871
622.07,3.995
622.08,4.057
622.1,4.176
622.12,4.291
622.13,4.347
622.15,4.455
622.17,4.557
622.18,4.607
622.2,4.7
622.22,4.788
622.23,4.83
622.25,4.908
622.27,4.979
622.28,5.012
622.3,5.073
622.31,5.101
622.33,5.152
622.35,5.196
622.36,5.216
622.38,5.251
622.4,5.28
622.41,5.292
622.43,5.313
622.45,5.329
622.46,5.335
622.48,5.345
622.5,5.351
622.51,5.353
622.53,5.355
622.55,5.355
622.56,5.355
622.58,5.353
622.6,5.352
622.61,5.351
622.63,5.35
622.65,5.351
622.66,5.352
622.68,5.356
622.69,5.359
622.71,5.367
622.73,5.379
622.74,5.386
622.76,5.404
622.78,5.425
622.79,5.437
622.81,5.465
622.83,5.498
622.84,5.516
622.86,5.554
622.88,5.597
622.89,5.62
622.91,5.668
622.93,5.719
622.94,5.745
622.96,5.8
622.98,5.857
622.99,5.886
623.01,5.945
623.03,6.003
623.04,6.032
623.06,6.089
623.07,6.117
623.09,6.172
623.11,6.224
623.12,6.248
623.14,6.294
623.16,6.336
623.17,6.355
623.19,6.388
623.21,6.416
623.22,6.427
623.24,6.445
623.26,6.456
623.27,6.458
623.29,6.458
623.31,6.451
623.32,6.444
623.34,6.426
623.36,6.401
623.37,6.386
623.39,6.351
623.41,6.31
623.42,6.288
623.44,6.24
623.45,6.214
623.47,6.16
623.49,6.104
623.5,6.075
623.52,6.017
623.54,5.959
623.55,5.931
623.57,5.876
623.59,5.825
623.6,5.801
623.62,5.758
623.64,5.722
623.65,5.707
623.67,5.685
623.69,5.673
623.7,5.672
623.72,5.679
623.74,5.701
623.75,5.717
623.77,5.763
623.78,5.792
623.8,5.863
623.82,5.954
623.83,6.007
623.85,6.127
623.87,6.269
623.88,6.348
623.9,6.521
623.92,6.716
623.93,6.822
623.95,7.05
623.97,7.3
623.98,7.433
624.0,7.715
624.02,8.016
624.03,8.175
624.05,8.505
624.07,8.854
624.08,9.034
624.1,9.406
624.12,9.792
624.13,9.99
624.15,10.39
624.16,10.6
624.18,11.01
624.2,11.44
624.21,11.65
624.23,12.07
624.25,12.5
624.26,12.71
624.28,13.13
624.3,13.54
624.31,13.74
624.33,14.13
624.35,14.51
624.36,14.7
624.38,15.05
624.4,15.38
624.41,15.54
624.43,15.84
624.45,16.11
624.46,16.23
624.48,16.46
624.5,16.66
624.51,16.74
624.53,16.89
624.54,16.95
624.56,17.05
624.58,17.11
624.59,17.13
624.61,17.14
624.63,17.12
624.64,17.09
624.66,17.01
624.68,16.91
624.69,16.84
624.71,16.69
624.73,16.5
624.74,16.4
624.76,16.18
624.78,15.93
624.79,15.8
624.81,15.52
624.83,15.22
624.84,15.07
624.86,14.75
624.88,14.42
624.89,14.25
624.91,13.91
624.92,13.74
624.94,13.4
624.96,13.05
624.97,12.88
624.99,12.55
625.01,12.22
625.02,12.06
625.04,11.74
625.06,11.44
625.07,11.29
625.09,11.02
625.11,10.76
625.12,10.64
625.14,10.4
625.16,10.2
625.17,10.1
625.19,9.924
625.21,9.771
625.22,9.704
625.24,9.587
625.25,9.537
625.27,9.455
625.29,9.397
625.3,9.377
625.32,9.354
625.34,9.352
625.35,9.36
625.37,9.391
625.39,9.442
625.4,9.475
625.42,9.555
625.44,9.653
625.45,9.708
625.47,9.83
625.49,9.967
625.5,10.04
625.52,10.2
625.54,10.37
625.55,10.46
625.57,10.64
625.59,10.84
625.6,10.94
625.62,11.14
625.63,11.25
625.65,11.47
625.67,11.69
625.68,11.8
625.7,12.03
625.72,12.27
625.73,12.38
625.75,12.62
625.77,12.86
625.78,12.99
625.8,13.23
625.82,13.48
625.83,13.6
625.85,13.85
625.87,14.1
625.88,14.22
625.9,14.47
625.92,14.71
625.93,14.84
625.95,15.08
625.97,15.33
625.98,15.45
626.0,15.69
626.01,15.8
626.03,16.04
626.05,16.27
626.06,16.38
626.08,16.6
626.1,16.81
626.11,16.92
626.13,17.12
626.15,17.31
626.16,17.4
626.18,17.58
626.2,17.74
626.21,17.81
626.23,17.95
626.25,18.08
626.26,18.13
626.28,18.23
626.3,18.31
626.31,18.34
626.33,18.39
626.35,18.41
626.36,18.41
626.38,18.4
626.39,18.39
626.41,18.34
626.43,18.27
626.44,18.22
626.46,18.11
626.48,17.97
626.49,17.89
626.51,17.71
626.53,17.5
626.54,17.39
626.56,17.14
626.58,16.88
626.59,16.73
626.61,16.43
626.63,16.1
626.64,15.93
626.66,15.57
626.68,15.19
626.69,14.99
626.71,14.59
626.72,14.38
626.74,13.96
626.76,13.52
626.77,13.3
626.79,12.86
626.81,12.4
626.82,12.18
626.84,11.72
626.86,11.26
626.87,11.04
626.89,10.59
626.91,10.14
626.92,9.924
626.94,9.495
626.96,9.079
626.97,8.876
626.99,8.483
627.01,8.108
627.02,7.928
627.04,7.584
627.06,7.263
627.07,7.112
627.09,6.83
627.1,6.699
627.12,6.459
627.14,6.248
627.15,6.155
627.17,5.991
627.19,5.861
627.2,5.808
627.22,5.728
627.24,5.684
627.25,5.675
627.27,5.683
627.29,5.728
627.3,5.764
627.32,5.862
627.34,5.997
627.35,6.078
627.37,6.265
627.39,6.488
627.4,6.611
627.42,6.884
627.44,7.189
627.45,7.352
627.47,7.702
627.48,7.888
627.5,8.28
627.52,8.697
627.53,8.914
627.55,9.364
627.57,9.834
627.58,10.08
627.6,10.57
627.62,11.07
627.63,11.33
627.65,11.85
627.67,12.37
627.68,12.63
627.7,13.15
627.72,13.67
627.73,13.93
627.75,14.43
627.77,14.92
627.78,15.16
627.8,15.62
627.82,16.06
627.83,16.27
627.85,16.67
627.86,16.86
627.88,17.21
627.9,17.53
627.91,17.67
627.93,17.93
627.95,18.16
627.96,18.25
627.98,18.41
628.0,18.52
628.01,18.56
628.03,18.6
628.05,18.6
628.06,18.59
628.08,18.51
628.1,18.4
628.11,18.32
628.13,18.14
628.15,17.92
628.16,17.79
628.18,17.5
628.19,17.34
628.21,17.0
628.23,16.62
628.24,16.42
628.26,15.99
628.28,15.54
628.29,15.31
628.31,14.82
628.33,14.31
628.34,14.05
628.36,13.51
628.38,12.97
628.39,12.69
628.41,12.14
628.43,11.58
628.44,11.29
628.46,10.73
628.48,10.17
628.49,9.897
628.51,9.347
628.53,8.807
628.54,8.541
628.56,8.018
628.57,7.762
628.59,7.261
628.61,6.776
628.62,6.539
628.64,6.081
628.66,5.642
628.67,5.43
628.69,5.02
628.71,4.631
628.72,4.444
628.74,4.087
628.76,3.749
628.77,3.589
628.79,3.283
628.81,2.997
628.82,2.861
628.84,2.605
628.86,2.368
628.87,2.256
628.89,2.046
628.91,1.854
628.92,1.763
628.94,1.595
628.95,1.517
628.97,1.371
628.99,1.24
629.0,1.18
629.02,1.068
629.04,0.9687
629.05,0.9234
629.07,0.8411
629.09,0.7693
629.1,0.7371
629.12,0.6799
629.14,0.6317
629.15,0.6109
629.17,0.5754
629.19,0.5478
629.2,0.5369
629.22,0.5207
629.24,0.5117
629.25,0.5099
629.27,0.5114
629.28,0.5147
629.3,0.5265
629.32,0.5451
629.33,0.557
629.35,0.5859
629.37,0.6219
629.38,0.6426
629.4,0.6895
629.42,0.7439
629.43,0.774
629.45,0.8402
629.47,0.9147
629.48,0.9551
629.5,1.043
629.52,1.139
629.53,1.191
629.55,1.302
629.57,1.423
629.58,1.488
629.6,1.624
629.62,1.772
629.63,1.85
629.65,2.015
629.66,2.102
629.68,2.285
629.7,2.48
629.71,2.581
629.73,2.795
629.75,3.02
629.76,3.138
629.78,3.382
629.8,3.638
629.81,3.771
629.83,4.045
629.85,4.331
629.86,4.478
629.88,4.781
629.9,5.094
629.91,5.254
629.93,5.582
629.95,5.918
629.96,6.089
629.98,6.436
630.0,6.789
630.01,6.968
630.03,7.328
630.04,7.509
630.06,7.874
630.08,8.239
630.09,8.421
630.11,8.785
630.13,9.146
630.14,9.325
630.16,9.679
630.18,10.03
630.19,10.2
630.21,10.53
630.23,10.85
630.24,11.01
630.26,11.31
630.28,11.6
630.29,11.74
630.31,12.0
630.33,12.24
630.34,12.36
630.36,12.57
630.38,12.76
630.39,12.85
630.41,13.0
630.42,13.07
630.44,13.19
630.46,13.28
630.47,13.32
630.49,13.37
630.51,13.4
630.52,13.4
630.54,13.39
630.56,13.35
630.57,13.32
630.59,13.24
630.61,13.13
630.62,13.07
630.64,12.93
630.66,12.76
630.67,12.67
630.69,12.47
630.71,12.25
630.72,12.13
630.74,11.88
630.75,11.75
630.77,11.47
630.79,11.18
630.8,11.03
630.82,10.71
630.84,10.39
630.85,10.23
630.87,9.89
630.89,9.547
630.9,9.373
630.92,9.023
630.94,8.67
630.95,8.494
630.97,8.14
630.99,7.788
631.0,7.613
631.02,7.266
631.04,6.923
631.05,6.754
631.07,6.422
631.09,6.098
631.1,5.939
631.12,5.628
631.13,5.477
631.15,5.182
631.17,4.899
631.18,4.762
631.2,4.497
631.22,4.244
631.23,4.123
631.25,3.89
631.27,3.67
631.28,3.565
631.3,3.365
631.32,3.178
631.33,3.089
631.35,2.922
631.37,2.767
631.38,2.694
631.4,2.557
631.42,2.431
631.43,2.373
631.45,2.264
631.47,2.165
631.48,2.119
631.5,2.034
631.51,1.995
631.53,1.923
631.55,1.859
631.56,1.829
631.58,1.775
631.6,1.728
631.61,1.706
631.63,1.666
631.65,1.631
631.66,1.614
631.68,1.585
631.7,1.558
631.71,1.546
631.73,1.523
631.75,1.502
631.76,1.492
631.78,1.473
631.8,1.455
631.81,1.446
631.83,1.428
631.85,1.41
631.86,1.401
631.88,1.382
631.89,1.373
631.91,1.353
631.93,1.333
631.94,1.322
631.96,1.3
631.98,1.276
631.99,1.264
632.01,1.239
632.03,1.212
632.04,1.198
632.06,1.169
632.08,1.139
632.09,1.124
632.11,1.092
632.13,1.059
632.14,1.043
632.16,1.009
632.18,0.9738
632.19,0.9561
632.21,0.9203
632.22,0.9022
632.24,0.8659
632.26,0.8293
632.27,0.811
632.29,0.7744
632.31,0.738
632.32,0.7198
632.34,0.6839
632.36,0.6485
632.37,0.631
632.39,0.5966
632.41,0.563
632.42,0.5466
632.44,0.5145
632.46,0.4835
632.47,0.4685
632.49,0.4394
632.51,0.4116
632.52,0.3982
632.54,0.3726
632.56,0.3485
632.57,0.3371
632.59,0.3154
632.6,0.3052
632.62,0.2861
632.64,0.2688
632.65,0.2608
632.67,0.2463
632.69,0.2336
632.7,0.228
632.72,0.2182
632.74,0.2105
632.75,0.2073
632.77,0.2027
632.79,0.2002
632.8,0.1997
632.82,0.2005
632.84,0.2035
632.85,0.2059
632.87,0.2124
632.89,0.2214
632.9,0.2268
632.92,0.2396
632.94,0.2549
632.95,0.2636
632.97,0.283
632.98,0.2937
633.0,0.3174
633.02,0.3439
633.03,0.3583
633.05,0.3894
633.07,0.4237
633.08,0.442
633.1,0.4812
633.12,0.5237
633.13,0.5462
633.15,0.594
633.17,0.6453
633.18,0.6723
633.2,0.7293
633.22,0.79
633.23,0.8219
633.25,0.8887
633.27,0.9597
633.28,0.9969
633.3,1.074
633.32,1.157
633.33,1.2
633.35,1.289
633.36,1.336
633.38,1.434
633.4,1.538
633.41,1.592
633.43,1.706
633.45,1.828
633.46,1.891
633.48,2.025
633.5,2.169
633.51,2.244
633.53,2.405
633.55,2.578
633.56,2.669
633.58,2.865
633.6,3.077
633.61,3.191
633.63,3.434
633.65,3.701
633.66,3.844
633.68,4.152
633.69,4.318
633.71,4.675
633.73,5.071
633.74,5.284
633.76,5.744
633.78,6.254
633.79,6.53
633.81,7.125
633.83,7.784
633.84,8.14
633.86,8.907
633.88,9.755
633.89,10.21
633.91,11.19
633.93,12.27
633.94,12.85
633.96,14.1
633.98,15.46
633.99,16.19
634.01,17.74
634.03,19.43
634.04,20.33
634.06,22.25
634.07,23.26
634.09,25.41
634.11,27.72
634.12,28.94
634.14,31.51
634.16,34.25
634.17,35.69
634.19,38.71
634.21,41.9
634.22,43.57
634.24,47.03
634.26,50.68
634.27,52.57
634.29,56.47
634.31,60.54
634.32,62.64
634.34,66.94
634.36,71.38
634.37,73.65
634.39,78.28
634.41,83.01
634.42,85.41
634.44,90.26
634.45,92.71
634.47,97.64
634.49,102.6
634.5,105.1
634.52,110.0
634.54,114.9
634.55,117.4
634.57,122.1
634.59,126.8
634.6,129.1
634.62,133.6
634.64,137.9
634.65,140.0
634.67,144.0
634.69,147.7
634.7,149.5
634.72,152.8
634.74,155.8
634.75,157.2
634.77,159.7
634.79,161.9
634.8,162.8
634.82,164.4
634.83,165.1
634.85,166.1
634.87,166.7
634.88,166.9
634.9,166.9
634.92,166.5
634.93,166.1
634.95,165.1
634.97,163.7
634.98,162.8
635.0,160.9
635.02,158.5
635.03,157.2
635.05,154.4
635.07,151.2
635.08,149.5
635.1,145.9
635.12,142.0
635.13,140.0
635.15,135.8
635.16,133.6
635.18,129.1
635.2,124.4
635.21,122.1
635.23,117.2
635.25,112.3
635.26,109.9
635.28,104.9
635.3,99.87
635.31,97.37
635.33,92.39
635.35,87.45
635.36,85.01
635.38,80.17
635.4,75.43
635.41,73.1
635.43,68.53
635.45,64.09
635.46,61.92
635.48,57.7
635.5,53.64
635.51,51.67
635.53,47.87
635.54,46.03
635.56,42.49
635.58,39.14
635.59,37.53
635.61,34.44
635.63,31.54
635.64,30.16
635.66,27.53
635.68,25.07
635.69,23.91
635.71,21.71
635.73,19.67
635.74,18.71
635.76,16.91
635.78,15.25
635.79,14.48
635.81,13.03
635.83,11.71
635.84,11.1
635.86,9.967
635.88,8.945
635.89,8.474
635.91,7.608
635.92,7.211
635.94,6.486
635.96,5.848
635.97,5.56
635.99,5.041
636.01,4.595
636.02,4.398
636.04,4.054
636.06,3.772
636.07,3.653
636.09,3.459
636.11,3.32
636.12,3.271
636.14,3.21
636.16,3.201
636.17,3.215
636.19,3.279
636.21,3.393
636.22,3.468
636.24,3.656
636.26,3.893
636.27,4.031
636.29,4.347
636.3,4.524
636.32,4.921
636.34,5.374
636.35,5.622
636.37,6.164
636.39,6.769
636.4,7.095
636.42,7.799
636.44,8.572
636.45,8.985
636.47,9.867
636.49,10.82
636.5,11.33
636.52,12.41
636.54,13.57
636.55,14.18
636.57,15.46
636.59,16.83
636.6,17.54
636.62,19.04
636.63,19.82
636.65,21.45
636.67,23.16
636.68,24.04
636.7,25.88
636.72,27.79
636.73,28.77
636.75,30.79
636.77,32.88
636.78,33.95
636.8,36.13
636.82,38.35
636.83,39.48
636.85,41.77
636.87,44.09
636.88,45.26
636.9,47.6
636.92,49.95
636.93,51.12
636.95,53.45
636.97,55.75
636.98,56.88
637.0,59.12
637.01,60.21
637.03,62.36
637.05,64.42
637.06,65.42
637.08,67.34
637.1,69.15
637.11,70.01
637.13,71.63
637.15,73.11
637.16,73.79
637.18,75.05
637.2,76.14
637.21,76.62
637.23,77.45
637.25,78.1
637.26,78.36
637.28,78.73
637.3,78.91
637.31,78.93
637.33,78.82
637.35,78.52
637.36,78.3
637.38,77.72
637.39,77.36
637.41,76.51
637.43,75.49
637.44,74.91
637.46,73.64
637.48,72.21
637.49,71.44
637.51,69.81
637.53,68.04
637.54,67.11
637.56,65.18
637.58,63.15
637.59,62.1
637.61,59.95
637.63,57.73
637.64,56.6
637.66,54.31
637.68,51.99
637.69,50.82
637.71,48.48
637.73,46.13
637.74,44.96
637.76,42.63
637.77,41.48
637.79,39.19
637.81,36.95
637.82,35.84
637.84,33.67
637.86,31.56
637.87,30.53
637.89,28.52
637.91,26.58
637.92,25.64
637.94,23.82
637.96,22.08
637.97,21.25
637.99,19.64
638.01,18.11
638.02,17.38
638.04,15.98
638.06,14.67
638.07,14.05
638.09,12.86
638.1,12.3
638.12,11.24
638.14,10.25
638.15,9.785
638.17,8.909
638.19,8.103
638.2,7.726
638.22,7.019
638.24,6.373
638.25,6.072
638.27,5.512
638.29,5.004
638.3,4.768
638.32,4.332
638.34,3.939
638.35,3.758
638.37,3.424
638.39,3.126
638.4,2.989
638.42,2.737
638.44,2.514
638.45,2.412
638.47,2.226
638.48,2.141
638.5,1.986
638.52,1.85
638.53,1.789
638.55,1.677
638.57,1.58
638.58,1.536
638.6,1.458
638.62,1.39
638.63,1.36
638.65,1.307
638.67,1.262
638.68,1.243
638.7,1.21
638.72,1.183
638.73,1.173
638.75,1.156
638.77,1.146
638.78,1.143
638.8,1.141
638.82,1.145
638.83,1.15
638.85,1.163
638.86,1.171
638.88,1.193
638.9,1.221
638.91,1.238
638.93,1.275
638.95,1.32
638.96,1.345
638.98,1.4
639.0,1.462
639.01,1.496
639.03,1.571
639.05,1.654
639.06,1.698
639.08,1.794
639.1,1.9
639.11,1.956
639.13,2.076
639.15,2.206
639.16,2.275
639.18,2.421
639.19,2.498
639.21,2.661
639.23,2.834
639.24,2.926
639.26,3.117
639.28,3.32
639.29,3.426
639.31,3.647
639.33,3.879
639.34,4.0
639.36,4.251
639.38,4.513
639.39,4.649
639.41,4.928
639.43,5.219
639.44,5.368
639.46,5.674
639.48,5.99
639.49,6.152
639.51,6.481
639.53,6.819
639.54,6.99
639.56,7.338
639.57,7.514
639.59,7.87
639.61,8.23
639.62,8.411
639.64,8.775
639.66,9.139
639.67,9.321
639.69,9.683
639.71,10.04
639.72,10.22
639.74,10.57
639.76,10.92
639.77,11.09
639.79,11.42
639.81,11.74
639.82,11.89
639.84,12.19
639.86,12.47
639.87,12.61
639.89,12.87
639.91,13.11
639.92,13.22
639.94,13.43
639.95,13.52
639.97,13.7
639.99,13.85
640.0,13.91
640.02,14.02
640.04,14.11
640.05,14.15
640.07,14.19
640.09,14.22
640.1,14.22
640.12,14.2
640.14,14.16
640.15,14.13
640.17,14.05
640.19,13.94
640.2,13.88
640.22,13.74
640.24,13.58
640.25,13.49
640.27,13.3
640.29,13.09
640.3,12.98
640.32,12.75
640.33,12.63
640.35,12.37
640.37,12.11
640.38,11.97
640.4,11.7
640.42,11.42
640.43,11.27
640.45,10.98
640.47,10.69
640.48,10.55
640.5,10.26
640.52,9.976
640.53,9.835
640.55,9.557
640.57,9.286
640.58,9.154
640.6,8.896
640.62,8.648
640.63,8.528
640.65,8.296
640.66,8.185
640.68,7.972
640.7,7.773
640.71,7.678
640.73,7.498
640.75,7.332
640.76,7.254
640.78,7.108
640.8,6.976
640.81,6.915
640.83,6.802
640.85,6.701
640.86,6.655
640.88,6.572
640.9,6.499
640.91,6.466
640.93,6.407
640.95,6.357
640.96,6.334
640.98,6.294
641.0,6.259
641.01,6.244
641.03,6.216
641.04,6.204
641.06,6.18
641.08,6.158
641.09,6.148
641.11,6.127
641.13,6.105
641.14,6.093
641.16,6.069
641.18,6.042
641.19,6.027
641.21,5.995
641.23,5.959
641.24,5.939
641.26,5.896
641.28,5.848
641.29,5.822
641.31,5.766
641.33,5.705
641.34,5.672
641.36,5.603
641.38,5.529
641.39,5.49
641.41,5.408
641.42,5.366
641.44,5.278
641.46,5.186
641.47,5.138
641.49,5.041
641.51,4.942
641.52,4.891
641.54,4.788
641.56,4.684
641.57,4.631
641.59,4.526
641.61,4.42
641.62,4.367
641.64,4.263
641.66,4.159
641.67,4.108
641.69,4.007
641.71,3.908
641.72,3.86
641.74,3.766
641.76,3.674
641.77,3.629
641.79,3.543
641.8,3.501
641.82,3.42
641.84,3.343
641.85,3.306
641.87,3.235
641.89,3.167
641.9,3.135
641.92,3.074
641.94,3.016
641.95,2.989
641.97,2.937
641.99,2.889
642.0,2.866
642.02,2.824
642.04,2.785
642.05,2.766
642.07,2.733
642.09,2.703
642.1,2.69
642.12,2.666
642.13,2.655
642.15,2.637
642.17,2.624
642.18,2.619
642.2,2.612
642.22,2.611
642.23,2.613
642.25,2.621
642.27,2.637
642.28,2.647
642.3,2.674
642.32,2.711
642.33,2.733
642.35,2.785
642.37,2.85
642.38,2.887
642.4,2.973
642.42,3.074
642.43,3.131
642.45,3.26
642.47,3.409
642.48,3.492
642.5,3.675
642.51,3.777
642.53,4.001
642.55,4.254
642.56,4.393
642.58,4.697
642.6,5.039
642.61,5.224
642.63,5.628
642.65,6.077
642.66,6.321
642.68,6.847
642.7,7.431
642.71,7.745
642.73,8.422
642.75,9.169
642.76,9.571
642.78,10.43
642.8,11.38
642.81,11.89
642.83,12.97
642.85,14.16
642.86,14.8
642.88,16.16
642.89,16.89
642.91,18.44
642.93,20.13
642.94,21.03
642.96,22.95
642.98,25.05
642.99,26.16
643.01,28.52
643.03,31.09
643.04,32.46
643.06,35.35
643.08,38.48
643.09,40.14
643.11,43.66
643.13,47.45
643.14,49.45
643.16,53.68
643.18,58.23
643.19,60.62
643.21,65.67
643.23,71.07
643.24,73.9
643.26,79.86
643.27,82.98
643.29,89.51
643.31,96.45
643.32,100.1
643.34,107.6
643.36,115.6
643.37,119.7
643.39,128.3
643.41,137.3
643.42,142.0
643.44,151.7
643.46,161.7
643.47,166.9
643.49,177.5
643.51,188.4
643.52,194.1
643.54,205.5
643.56,217.3
643.57,223.2
643.59,235.4
643.6,241.5
643.62,253.9
643.64,266.4
643.65,272.7
643.67,285.3
643.69,297.9
643.7,304.2
643.72,316.7
643.74,329.0
643.75,335.1
643.77,347.0
643.79,358.7
643.8,364.3
643.82,375.4
643.84,385.9
643.85,390.9
643.87,400.6
643.89,409.6
643.9,413.8
643.92,421.7
643.94,428.8
643.95,432.1
643.97,437.9
643.98,440.5
644.0,445.0
644.02,448.5
644.03,449.9
644.05,451.9
644.07,452.9
644.08,453.0
644.1,452.5
644.12,451.0
644.13,449.9
644.15,446.9
644.17,442.9
644.18,440.5
644.2,435.1
644.22,428.9
644.23,425.4
644.25,417.9
644.27,409.6
644.28,405.2
644.3,395.9
644.32,385.9
644.33,380.7
644.35,370.0
644.36,364.5
644.38,353.1
644.4,341.3
644.41,335.4
644.43,323.3
644.45,311.0
644.46,304.8
644.48,292.5
644.5,280.1
644.51,273.9
644.53,261.6
644.55,249.5
644.56,243.6
644.58,231.8
644.6,220.3
644.61,214.6
644.63,203.6
644.65,193.0
644.66,187.8
644.68,177.8
644.7,168.2
644.71,163.5
644.73,154.6
644.74,150.3
644.76,142.1
644.78,134.4
644.79,130.7
644.81,123.6
644.83,117.1
644.84,114.0
644.86,108.1
644.88,102.6
644.89,100.0
644.91,95.19
644.93,90.74
644.94,88.66
644.96,84.76
644.98,81.2
644.99,79.55
645.01,76.46
645.03,73.66
645.04,72.37
645.06,69.96
645.07,68.85
645.09,66.79
645.11,64.94
645.12,64.09
645.14,62.53
645.16,61.13
645.17,60.5
645.19,59.33
645.21,58.31
645.22,57.86
645.24,57.04
645.26,56.35
645.27,56.05
645.29,55.54
645.31,55.17
645.32,55.02
645.34,54.84
645.36,54.79
645.37,54.82
645.39,54.98
645.41,55.3
645.42,55.52
645.44,56.09
645.45,56.45
645.47,57.3
645.49,58.36
645.5,58.96
645.52,60.35
645.54,61.98
645.55,62.89
645.57,64.9
645.59,67.2
645.6,68.45
645.62,71.18
645.64,74.22
645.65,75.86
645.67,79.39
645.69,83.24
645.7,85.3
645.72,89.67
645.74,94.4
645.75,96.89
645.77,102.1
645.79,107.7
645.8,110.7
645.82,116.8
645.83,119.9
645.85,126.5
645.87,133.4
645.88,137.0
645.9,144.3
645.92,151.9
645.93,155.8
645.95,163.7
645.97,171.8
645.98,175.9
646.0,184.3
646.02,192.7
646.03,196.9
646.05,205.4
646.07,213.9
646.08,218.1
646.1,226.4
646.12,234.7
646.13,238.7
646.15,246.7
646.17,254.4
646.18,258.1
646.2,265.4
646.21,268.9
646.23,275.5
646.25,281.8
646.26,284.7
646.28,290.2
646.3,295.2
646.31,297.5
646.33,301.6
646.35,305.1
646.36,306.6
646.38,309.1
646.4,311.0
646.41,311.6
646.43,312.5
646.45,312.6
646.46,312.5
646.48,311.6
646.5,310.1
646.51,309.1
646.53,306.6
646.54,305.1
646.56,301.6
646.58,297.6
646.59,295.4
646.61,290.5
646.63,285.1
646.64,282.3
646.66,276.2
646.68,269.8
646.69,266.4
646.71,259.5
646.73,252.2
646.74,248.5
646.76,240.9
646.78,233.1
646.79,229.2
646.81,221.2
646.83,213.2
646.84,209.2
646.86,201.2
646.88,193.2
646.89,189.3
646.91,181.4
646.92,177.6
646.94,169.9
646.96,162.5
646.97,158.8
646.99,151.6
647.01,144.7
647.02,141.3
647.04,134.7
647.06,128.4
647.07,125.3
647.09,119.4
647.11,113.7
647.12,111.0
647.14,105.7
647.16,100.7
647.17,98.3
647.19,93.69
647.21,89.33
647.22,87.24
647.24,83.24
647.26,79.46
647.27,77.65
647.29,74.18
647.3,72.52
647.32,69.34
647.34,66.33
647.35,64.88
647.37,62.1
647.39,59.47
647.4,58.2
647.42,55.75
647.44,53.42
647.45,52.29
647.47,50.1
647.49,48.0
647.5,46.98
647.52,44.99
647.54,43.06
647.55,42.13
647.57,40.29
647.59,38.51
647.6,37.64
647.62,35.93
647.64,34.27
647.65,33.45
647.67,31.85
647.68,31.06
647.7,29.52
647.72,28.01
647.73,27.27
647.75,25.83
647.77,24.42
647.78,23.73
647.8,22.38
647.82,21.07
647.83,20.44
647.85,19.19
647.87,18.0
647.88,17.41
647.9,16.28
647.92,15.2
647.93,14.68
647.95,13.67
647.97,12.71
647.98,12.25
648.0,11.36
648.01,10.94
648.03,10.13
648.05,9.381
648.06,9.023
648.08,8.348
648.1,7.727
648.11,7.437
648.13,6.897
648.15,6.411
648.16,6.189
648.18,5.787
648.2,5.442
648.21,5.29
648.23,5.031
648.25,4.831
648.26,4.754
648.28,4.646
648.3,4.601
648.31,4.603
648.33,4.659
648.35,4.785
648.36,4.875
648.38,5.113
648.39,5.262
648.41,5.621
648.43,6.067
648.44,6.323
648.46,6.909
648.48,7.595
648.49,7.977
648.51,8.826
648.53,9.791
648.54,10.32
648.56,11.48
648.58,12.77
648.59,13.47
648.61,14.98
648.63,16.64
648.64,17.54
648.66,19.46
648.68,21.55
648.69,22.67
648.71,25.04
648.73,27.62
648.74,28.98
648.76,31.86
648.77,33.38
648.79,36.58
648.81,40.0
648.82,41.79
648.84,45.55
648.86,49.54
648.87,51.62
648.89,55.94
648.91,60.49
648.92,62.85
648.94,67.73
648.96,72.82
648.97,75.45
648.99,80.84
649.01,86.43
649.02,89.28
649.04,95.12
649.06,101.1
649.07,104.2
649.09,110.3
649.11,116.6
649.12,119.8
649.14,126.2
649.15,129.4
649.17,135.8
649.19,142.3
649.2,145.5
649.22,151.9
649.24,158.2
649.25,161.3
649.27,167.4
649.29,173.4
649.3,176.3
649.32,182.0
649.34,187.5
649.35,190.1
649.37,195.2
649.39,199.9
649.4,202.2
649.42,206.4
649.44,210.3
649.45,212.1
649.47,215.4
649.48,217.0
649.5,219.6
649.52,221.9
649.53,222.9
649.55,224.4
649.57,225.6
649.58,226.0
649.6,226.4
649.62,226.4
649.63,226.2
649.65,225.5
649.67,224.4
649.68,223.7
649.7,221.9
649.72,219.8
649.73,218.5
649.75,215.8
649.77,212.7
649.78,211.0
649.8,207.4
649.82,203.5
649.83,201.4
649.85,197.1
649.86,194.9
649.88,190.2
649.9,185.4
649.91,182.9
649.93,177.8
649.95,172.5
649.96,169.9
649.98,164.5
650.0,159.0
650.01,156.3
650.03,150.7
650.05,145.2
650.06,142.4
650.08,136.9
650.1,131.4
650.11,128.7
650.13,123.3
650.15,117.9
650.16,115.3
650.18,110.1
650.2,105.0
650.21,102.5
650.23,97.54
650.24,95.12
650.26,90.38
650.28,85.77
650.29,83.52
650.31,79.13
650.33,74.88
650.34,72.81
650.36,68.78
650.38,64.9
650.39,63.01
650.41,59.36
650.43,55.85
650.44,54.15
650.46,50.87
650.48,47.73
650.49,46.22
650.51,43.29
650.53,40.51
650.54,39.17
650.56,36.59
650.57,35.35
650.59,32.97
650.61,30.72
650.62,29.64
650.64,27.57
650.66,25.62
650.67,24.68
650.69,22.9
650.71,21.23
650.72,20.44
650.74,18.92
650.76,17.51
650.77,16.83
650.79,15.56
650.81,14.37
650.82,13.81
650.84,12.75
650.86,11.78
650.87,11.31
650.89,10.45
650.91,9.654
650.92,9.281
650.94,8.586
650.95,8.262
650.97,7.658
650.99,7.112
651.0,6.86
651.02,6.394
651.04,5.979
651.05,5.789
651.07,5.444
651.09,5.142
651.1,5.007
651.12,4.766
651.14,4.564
651.15,4.476
651.17,4.327
651.19,4.211
651.2,4.165
651.22,4.096
651.24,4.056
651.25,4.047
651.27,4.049
651.29,4.077
651.3,4.101
651.32,4.166
651.33,4.207
651.35,4.307
651.37,4.428
651.38,4.496
651.4,4.648
651.42,4.819
651.43,4.911
651.45,5.108
651.47,5.322
651.48,5.434
651.5,5.67
651.52,5.92
651.53,6.049
651.55,6.317
651.57,6.594
651.58,6.736
651.6,7.026
651.62,7.322
651.63,7.471
651.65,7.774
651.67,8.078
651.68,8.23
651.7,8.534
651.71,8.685
651.73,8.985
651.75,9.279
651.76,9.424
651.78,9.706
651.8,9.978
651.81,10.11
651.83,10.36
651.85,10.6
651.86,10.72
651.88,10.93
651.9,11.12
651.91,11.21
651.93,11.38
651.95,11.52
651.96,11.58
651.98,11.69
652.0,11.77
652.01,11.8
652.03,11.84
652.04,11.85
652.06,11.86
652.08,11.83
652.09,11.81
652.11,11.75
652.13,11.66
652.14,11.61
652.16,11.48
652.18,11.33
652.19,11.24
652.21,11.06
652.23,10.85
652.24,10.74
652.26,10.5
652.28,10.24
652.29,10.11
652.31,9.828
652.33,9.534
652.34,9.381
652.36,9.069
652.38,8.747
652.39,8.582
652.41,8.249
652.42,8.08
652.44,7.74
652.46,7.397
652.47,7.225
652.49,6.882
652.51,6.54
652.52,6.37
652.54,6.033
652.56,5.702
652.57,5.539
652.59,5.218
652.61,4.905
652.62,4.752
652.64,4.453
652.66,4.165
652.67,4.026
652.69,3.755
652.71,3.496
652.72,3.372
652.74,3.132
652.76,2.906
652.77,2.798
652.79,2.592
652.8,2.494
652.82,2.309
652.84,2.137
652.85,2.057
652.87,1.906
652.89,1.768
652.9,1.704
652.92,1.587
652.94,1.482
652.95,1.435
652.97,1.35
652.99,1.277
653.0,1.245
653.02,1.191
653.04,1.148
653.05,1.131
653.07,1.106
653.09,1.092
653.1,1.089
653.12,1.092
653.14,1.105
653.15,1.115
653.17,1.144
653.18,1.162
653.2,1.205
653.22,1.259
653.23,1.289
653.25,1.357
653.27,1.434
653.28,1.476
653.3,1.566
653.32,1.665
653.33,1.718
653.35,1.829
653.37,1.949
653.38,2.011
653.4,2.142
653.42,2.28
653.43,2.351
653.45,2.499
653.47,2.653
653.48,2.732
653.5,2.893
653.51,2.976
653.53,3.145
653.55,3.317
653.56,3.404
653.58,3.58
653.6,3.759
653.61,3.848
653.63,4.028
653.65,4.207
653.66,4.297
653.68,4.474
653.7,4.65
653.71,4.736
653.73,4.907
653.75,5.072
653.76,5.153
653.78,5.31
653.8,5.46
653.81,5.532
653.83,5.671
653.85,5.801
653.86,5.862
653.88,5.977
653.89,6.03
653.91,6.129
653.93,6.217
653.94,6.256
653.96,6.325
653.98,6.382
653.99,6.406
654.01,6.443
654.03,6.468
654.04,6.475
654.06,6.481
654.08,6.473
654.09,6.464
654.11,6.438
654.13,6.399
654.14,6.375
654.16,6.319
654.18,6.251
654.19,6.213
654.21,6.131
654.23,6.039
654.24,5.989
654.26,5.885
654.27,5.83
654.29,5.714
654.31,5.593
654.32,5.53
654.34,5.402
654.36,5.27
654.37,5.202
654.39,5.067
654.41,4.929
654.42,4.861
654.44,4.724
654.46,4.588
654.47,4.52
654.49,4.388
654.51,4.258
654.52,4.195
654.54,4.073
654.56,3.955
654.57,3.899
654.59,3.792
654.61,3.691
654.62,3.644
654.64,3.556
654.65,3.516
654.67,3.442
654.69,3.378
654.7,3.35
654.72,3.302
654.74,3.265
654.75,3.251
654.77,3.233
654.79,3.227
654.8,3.229
654.82,3.243
654.84,3.271
654.85,3.29
654.87,3.34
654.89,3.404
654.9,3.442
654.92,3.53
654.94,3.633
654.95,3.69
654.97,3.817
654.98,3.887
655.0,4.039
655.02,4.207
655.03,4.297
655.05,4.489
655.07,4.698
655.08,4.809
655.1,5.042
655.12,5.292
655.13,5.423
655.15,5.695
655.17,5.983
655.18,6.132
655.2,6.441
655.22,6.764
655.23,6.93
655.25,7.271
655.27,7.623
655.28,7.803
655.3,8.17
655.32,8.546
655.33,8.736
655.35,9.121
655.36,9.316
655.38,9.709
655.4,10.1
655.41,10.3
655.43,10.7
655.45,11.09
655.46,11.29
655.48,11.68
655.5,12.07
655.51,12.26
655.53,12.63
655.55,13.0
655.56,13.18
655.58,13.52
655.6,13.86
655.61,14.02
655.63,14.33
655.65,14.63
655.66,14.77
655.68,15.04
655.7,15.29
655.71,15.41
655.73,15.62
655.74,15.72
655.76,15.91
655.78,16.07
655.79,16.14
655.81,16.27
655.83,16.37
655.84,16.42
655.86,16.48
655.88,16.53
655.89,16.54
655.91,16.54
655.93,16.53
655.94,16.51
655.96,16.46
655.98,16.38
655.99,16.33
656.01,16.23
656.03,16.1
656.04,16.02
656.06,15.86
656.08,15.68
656.09,15.59
656.11,15.38
656.12,15.27
656.14,15.04
656.16,14.79
656.17,14.66
656.19,14.39
656.21,14.11
656.22,13.97
656.24,13.67
656.26,13.36
656.27,13.2
656.29,12.88
656.31,12.56
656.32,12.39
656.34,12.06
656.36,11.72
656.37,11.55
656.39,11.2
656.41,10.86
656.42,10.69
656.44,10.34
656.45,10.17
656.47,9.832
656.49,9.493
656.5,9.325
656.52,8.992
656.54,8.664
656.55,8.502
656.57,8.183
656.59,7.871
656.6,7.717
656.62,7.416
656.64,7.123
656.65,6.979
656.67,6.699
656.69,6.427
656.7,6.295
656.72,6.037
656.74,5.789
656.75,5.669
656.77,5.435
656.79,5.211
656.8,5.103
656.82,4.893
656.83,4.792
656.85,4.596
656.87,4.409
656.88,4.318
656.9,4.144
656.92,3.978
656.93,3.898
656.95,3.744
656.97,3.597
656.98,3.526
657.0,3.389
657.02,3.258
657.03,3.195
657.05,3.073
657.07,2.956
657.08,2.899
657.1,2.789
657.12,2.684
657.13,2.632
657.15,2.532
657.17,2.436
657.18,2.389
657.2,2.297
657.21,2.252
657.23,2.164
657.25,2.078
657.26,2.036
657.28,1.953
657.3,1.873
657.31,1.833
657.33,1.755
657.35,1.679
657.36,1.642
657.38,1.568
657.4,1.496
657.41,1.46
657.43,1.391
657.45,1.323
657.46,1.289
657.48,1.224
657.5,1.16
657.51,1.129
657.53,1.067
657.55,1.008
657.56,0.979
657.58,0.9224
657.59,0.8949
657.61,0.8414
657.63,0.7899
657.64,0.7649
657.66,0.7166
657.68,0.6703
657.69,0.648
657.71,0.6051
657.73,0.5643
657.74,0.5447
657.76,0.5072
657.78,0.4718
657.79,0.455
657.81,0.4229
657.83,0.3929
657.84,0.3787
657.86,0.3519
657.88,0.3271
657.89,0.3154
657.91,0.2935
657.92,0.2833
657.94,0.2643
657.96,0.247
657.97,0.239
657.99,0.2243
658.01,0.2112
658.02,0.2053
658.04,0.1945
658.06,0.1852
658.07,0.181
658.09,0.1737
658.11,0.1677
658.12,0.1652
658.14,0.1609
658.16,0.1578
658.17,0.1566
658.19,0.155
658.21,0.1544
658.22,0.1544
658.24,0.1552
658.26,0.1568
658.27,0.1579
658.29,0.1608
658.3,0.1625
658.32,0.1666
658.34,0.1713
658.35,0.174
658.37,0.18
658.39,0.1866
658.4,0.1903
658.42,0.1981
658.44,0.2067
658.45,0.2113
658.47,0.2211
658.49,0.2317
658.5,0.2374
658.52,0.2494
658.54,0.2623
658.55,0.2691
658.57,0.2835
658.59,0.2989
658.6,0.307
658.62,0.3241
658.64,0.3424
658.65,0.352
658.67,0.3721
658.68,0.3826
658.7,0.4046
658.72,0.428
658.73,0.4402
658.75,0.4656
658.77,0.4925
658.78,0.5065
658.8,0.5355
658.82,0.566
658.83,0.5818
658.85,0.6144
658.87,0.6485
658.88,0.666
658.9,0.7021
658.92,0.7395
658.93,0.7587
658.95,0.798
658.97,0.8383
658.98,0.8588
659.0,0.9007
659.01,0.9219
659.03,0.9649
659.05,1.008
659.06,1.03
659.08,1.075
659.1,1.119
659.11,1.141
659.13,1.186
659.15,1.23
659.16,1.252
659.18,1.295
659.2,1.338
659.21,1.359
659.23,1.4
659.25,1.44
659.26,1.459
659.28,1.496
659.3,1.532
659.31,1.549
659.33,1.581
659.35,1.611
659.36,1.625
659.38,1.652
659.39,1.664
659.41,1.686
659.43,1.706
659.44,1.714
659.46,1.729
659.48,1.741
659.49,1.746
659.51,1.753
659.53,1.757
659.54,1.758
659.56,1.757
659.58,1.752
659.59,1.749
659.61,1.74
659.63,1.728
659.64,1.721
659.66,1.705
659.68,1.686
659.69,1.675
659.71,1.652
659.73,1.627
659.74,1.613
659.76,1.584
659.77,1.569
659.79,1.538
659.81,1.504
659.82,1.487
659.84,1.452
659.86,1.415
659.87,1.397
659.89,1.359
659.91,1.321
659.92,1.301
659.94,1.263
659.96,1.224
659.97,1.205
659.99,1.167
660.01,1.131
660.02,1.113
660.04,1.077
660.06,1.044
660.07,1.028
660.09,0.9973
660.11,0.9693
660.12,0.9563
660.14,0.9327
660.15,0.9221
660.17,0.9038
660.19,0.8896
660.2,0.8842
660.22,0.8771
660.24,0.8754
660.25,0.8768
660.27,0.8843
660.29,0.8989
660.3,0.9089
660.32,0.9353
660.34,0.9704
660.35,0.9915
660.37,1.041
660.39,1.102
660.4,1.137
660.42,1.217
660.44,1.31
660.45,1.362
660.47,1.477
660.48,1.541
660.5,1.681
660.52,1.84
660.53,1.927
660.55,2.116
660.57,2.327
660.58,2.441
660.6,2.686
660.62,2.957
660.63,3.102
660.65,3.414
660.67,3.753
660.68,3.934
660.7,4.319
660.72,4.736
660.73,4.957
660.75,5.423
660.77,5.923
660.78,6.187
660.8,6.74
660.82,7.329
660.83,7.637
660.85,8.281
660.86,8.616
660.88,9.314
660.9,10.05
660.91,10.43
660.93,11.22
660.95,12.04
660.96,12.46
660.98,13.33
661.0,14.23
661.01,14.69
661.03,15.63
661.05,16.6
661.06,17.09
661.08,18.09
661.1,19.1
661.11,19.61
661.13,20.64
661.15,21.68
661.16,22.2
661.18,23.24
661.2,24.28
661.21,24.8
661.23,25.82
661.24,26.32
661.26,27.32
661.28,28.29
661.29,28.77
661.31,29.7
661.33,30.59
661.34,31.02
661.36,31.85
661.38,32.64
661.39,33.01
661.41,33.71
661.43,34.36
661.44,34.66
661.46,35.21
661.48,35.7
661.49,35.91
661.51,36.29
661.53,36.6
661.54,36.73
661.56,36.93
661.58,37.05
661.59,37.08
661.61,37.09
661.62,37.07
661.64,36.96
661.66,36.78
661.67,36.67
661.69,36.38
661.71,36.02
661.72,35.82
661.74,35.36
661.76,34.84
661.77,34.56
661.79,33.95
661.81,33.29
661.82,32.94
661.84,32.2
661.86,31.42
661.87,31.02
661.89,30.18
661.91,29.31
661.92,28.87
661.94,27.96
661.95,27.5
661.97,26.56
661.99,25.6
662.0,25.12
662.02,24.15
662.04,23.18
662.05,22.7
662.07,21.73
662.09,20.76
662.1,20.28
662.12,19.33
662.14,18.39
662.15,17.93
662.17,17.02
662.19,16.12
662.2,15.68
662.22,14.82
662.24,13.99
662.25,13.58
662.27,12.78
662.29,12.01
662.3,11.64
662.32,10.91
662.33,10.56
662.35,9.879
662.37,9.227
662.38,8.912
662.4,8.305
662.42,7.729
662.43,7.451
662.45,6.919
662.47,6.415
662.48,6.174
662.5,5.713
662.52,5.279
662.53,5.073
662.55,4.679
662.57,4.31
662.58,4.135
662.6,3.803
662.62,3.494
662.63,3.348
662.65,3.072
662.67,2.817
662.68,2.697
662.7,2.471
662.71,2.364
662.73,2.165
662.75,1.983
662.76,1.898
662.78,1.739
662.8,1.595
662.81,1.528
662.83,1.404
662.85,1.292
662.86,1.24
662.88,1.146
662.9,1.061
662.91,1.023
662.93,0.9525
662.95,0.8909
662.96,0.8632
662.98,0.8134
663.0,0.7706
663.01,0.7516
663.03,0.7183
663.05,0.6906
663.06,0.6787
663.08,0.6584
663.09,0.65
663.11,0.6361
663.13,0.6259
663.14,0.6221
663.16,0.6167
663.18,0.614
663.19,0.6135
663.21,0.6141
663.23,0.6166
663.24,0.6183
663.26,0.6229
663.28,0.6284
663.29,0.6315
663.31,0.6381
663.33,0.6451
663.34,0.6486
663.36,0.6558
663.38,0.6627
663.39,0.6661
663.41,0.6725
663.42,0.6754
663.44,0.6808
663.46,0.6854
663.47,0.6874
663.49,0.6906
663.51,0.6926
663.52,0.6933
663.54,0.6936
663.56,0.6926
663.57,0.6917
663.59,0.6888
663.61,0.6845
663.62,0.6819
663.64,0.6757
663.66,0.6681
663.67,0.6639
663.69,0.6544
663.71,0.6437
663.72,0.6379
663.74,0.6254
663.76,0.6119
663.77,0.6047
663.79,0.5897
663.8,0.5818
663.82,0.5655
663.84,0.5484
663.85,0.5396
663.87,0.5216
663.89,0.503
663.9,0.4936
663.92,0.4745
663.94,0.4551
663.95,0.4453
663.97,0.4257
663.99,0.406
664.0,0.3962
664.02,0.3766
664.04,0.3572
664.05,0.3476
664.07,0.3286
664.09,0.31
664.1,0.3008
664.12,0.2828
664.14,0.2653
664.15,0.2568
664.17,0.2401
664.18,0.232
664.2,0.2162
664.22,0.2011
664.23,0.1938
664.25,0.1796
664.27,0.1662
664.28,0.1597
664.3,0.1473
664.32,0.1356
664.33,0.13
664.35,0.1193
664.37,0.1093
664.38,0.1045
664.4,0.09545
664.42,0.08704
664.43,0.08306
664.45,0.07556
664.47,0.06863
664.48,0.06538
664.5,0.05927
664.52,0.05367
664.53,0.05105
664.55,0.04616
664.56,0.04389
664.58,0.03966
664.6,0.03582
664.61,0.03405
664.63,0.03077
664.65,0.02782
664.66,0.02647
664.68,0.02397
664.7,0.02175
664.71,0.02074
664.73,0.01889
664.75,0.01726
664.76,0.01652
664.78,0.01518
664.8,0.01402
664.81,0.0135
664.83,0.01256
664.85,0.01177
664.86,0.01142
664.88,0.0108
664.89,0.01053
664.91,0.01007
664.93,0.009702
664.94,0.00955
664.96,0.009306
664.98,0.009137
664.99,0.009079
665.01,0.009013
665.03,0.009011
665.04,0.009033
665.06,0.009122
665.08,0.00927
665.09,0.009365
665.11,0.0096
665.13,0.009893
665.14,0.01006
665.16,0.01044
665.18,0.01089
665.19,0.01114
665.21,0.01168
665.23,0.01229
665.24,0.01263
665.26,0.01335
665.27,0.01374
665.29,0.01459
665.31,0.01553
665.32,0.01603
665.34,0.01711
665.36,0.0183
665.37,0.01893
665.39,0.02028
665.41,0.02175
665.42,0.02254
665.44,0.02421
665.46,0.02602
665.47,0.02697
665.49,0.02901
665.51,0.03121
665.52,0.03238
665.54,0.03484
665.56,0.0375
665.57,0.03891
665.59,0.04188
665.61,0.04507
665.62,0.04676
665.64,0.05033
665.65,0.05221
665.67,0.0562
665.69,0.0605
665.7,0.06277
665.72,0.06758
665.74,0.07278
665.75,0.07554
665.77,0.0814
665.79,0.08776
665.8,0.09114
665.82,0.09837
665.84,0.1063
665.85,0.1105
665.87,0.1195
665.89,0.1295
665.9,0.1349
665.92,0.1464
665.94,0.1592
665.95,0.1662
665.97,0.1812
665.99,0.1979
666.0,0.207
666.02,0.2269
666.03,0.2377
666.05,0.2612
666.07,0.2877
666.08,0.3022
666.1,0.3339
666.12,0.3696
666.13,0.3891
666.15,0.4318
666.17,0.48
666.18,0.5063
666.2,0.5641
666.22,0.6291
666.23,0.6646
666.25,0.7423
666.27,0.8296
666.28,0.8773
666.3,0.9812
666.32,1.098
666.33,1.161
666.35,1.299
666.36,1.373
666.38,1.536
666.4,1.716
666.41,1.814
666.43,2.025
666.45,2.259
666.46,2.385
666.48,2.656
666.5,2.955
666.51,3.116
666.53,3.459
666.55,3.836
666.56,4.037
666.58,4.466
666.6,4.932
666.61,5.181
666.63,5.708
666.65,6.278
666.66,6.58
666.68,7.217
666.7,7.902
666.71,8.262
666.73,9.021
666.74,9.418
666.76,10.25
666.78,11.14
666.79,11.6
666.81,12.57
666.83,13.58
666.84,14.11
666.86,15.21
666.88,16.36
666.89,16.95
666.91,18.17
666.93,19.44
666.94,20.09
666.96,21.42
666.98,22.79
666.99,23.5
667.01,24.92
667.03,26.38
667.04,27.12
667.06,28.61
667.08,30.12
667.09,30.88
667.11,32.4
667.12,33.16
667.14,34.68
667.16,36.2
667.17,36.95
667.19,38.44
667.21,39.9
667.22,40.62
667.24,42.02
667.26,43.38
667.27,44.04
667.29,45.31
667.31,46.52
667.32,47.1
667.34,48.2
667.36,49.22
667.37,49.7
667.39,50.58
667.41,51.37
667.42,51.72
667.44,52.36
667.46,52.88
667.47,53.1
667.49,53.46
667.5,53.59
667.52,53.78
667.54,53.84
667.55,53.83
667.57,53.73
667.59,53.5
667.6,53.34
667.62,52.95
667.64,52.44
667.65,52.15
667.67,51.48
667.69,50.71
667.7,50.29
667.72,49.38
667.74,48.38
667.75,47.84
667.77,46.72
667.79,45.53
667.8,44.91
667.82,43.62
667.83,42.96
667.85,41.59
667.87,40.19
667.88,39.47
667.9,38.01
667.92,36.53
667.93,35.78
667.95,34.28
667.97,32.77
667.98,32.01
668.0,30.51
668.02,29.01
668.03,28.27
668.05,26.8
668.07,25.35
668.08,24.64
668.1,23.23
668.12,21.87
668.13,21.2
668.15,19.89
668.17,18.63
668.18,18.01
668.2,16.82
668.21,16.24
668.23,15.12
668.25,14.05
668.26,13.54
668.28,12.55
668.3,11.61
668.31,11.16
668.33,10.31
668.35,9.503
668.36,9.121
668.38,8.395
668.4,7.722
668.41,7.404
668.43,6.805
668.45,6.256
668.46,6.0
668.48,5.522
668.5,5.09
668.51,4.891
668.53,4.527
668.55,4.206
668.56,4.061
668.58,3.804
668.59,3.69
668.61,3.494
668.63,3.337
668.64,3.274
668.66,3.176
668.68,3.117
668.69,3.102
668.71,3.101
668.73,3.138
668.74,3.171
668.76,3.266
668.78,3.399
668.79,3.481
668.81,3.673
668.83,3.906
668.84,4.038
668.86,4.333
668.88,4.67
668.89,4.854
668.91,5.256
668.92,5.474
668.94,5.943
668.96,6.458
668.97,6.733
668.99,7.319
669.01,7.952
669.02,8.288
669.04,8.995
669.06,9.752
669.07,10.15
669.09,10.98
669.11,11.87
669.12,12.33
669.14,13.28
669.16,14.29
669.17,14.81
669.19,15.89
669.21,17.02
669.22,17.6
669.24,18.79
669.26,20.03
669.27,20.66
669.29,21.95
669.3,22.61
669.32,23.96
669.34,25.33
669.35,26.03
669.37,27.44
669.39,28.87
669.4,29.59
669.42,31.04
669.44,32.49
669.45,33.22
669.47,34.68
669.49,36.12
669.5,36.84
669.52,38.27
669.54,39.67
669.55,40.36
669.57,41.72
669.59,43.03
669.6,43.68
669.62,44.93
669.64,46.13
669.65,46.71
669.67,47.83
669.68,48.36
669.7,49.38
669.72,50.33
669.73,50.77
669.75,51.61
669.77,52.37
669.78,52.72
669.8,53.35
669.82,53.91
669.83,54.15
669.85,54.58
669.87,54.93
669.88,55.07
669.9,55.29
669.92,55.44
669.93,55.48
669.95,55.51
669.97,55.47
669.98,55.42
670.0,55.28
670.02,55.08
670.03,54.95
670.05,54.67
670.06,54.51
670.08,54.16
670.1,53.78
670.11,53.57
670.13,53.14
670.15,52.69
670.16,52.46
670.18,52.0
670.2,51.53
670.21,51.3
670.23,50.84
670.25,50.39
670.26,50.17
670.28,49.76
670.3,49.37
670.31,49.19
670.33,48.86
670.35,48.56
670.36,48.43
670.38,48.2
670.39,48.1
670.41,47.94
670.43,47.82
670.44,47.79
670.46,47.75
670.48,47.76
670.49,47.78
670.51,47.87
670.53,47.99
670.54,48.07
670.56,48.26
670.58,48.49
670.59,48.62
670.61,48.89
670.63,49.19
670.64,49.35
670.66,49.67
670.68,50.01
670.69,50.19
670.71,50.53
670.73,50.87
670.74,51.04
670.76,51.36
670.77,51.52
670.79,51.81
670.81,52.08
670.82,52.2
670.84,52.42
670.86,52.6
670.87,52.68
670.89,52.79
670.91,52.86
670.92,52.87
670.94,52.86
670.96,52.8
670.97,52.75
670.99,52.61
671.01,52.42
671.02,52.3
671.04,52.03
671.06,51.71
671.07,51.53
671.09,51.15
671.11,50.72
671.12,50.49
671.14,50.02
671.15,49.76
671.17,49.25
671.19,48.71
671.2,48.43
671.22,47.87
671.24,47.31
671.25,47.03
671.27,46.47
671.29,45.93
671.3,45.67
671.32,45.15
671.34,44.67
671.35,44.44
671.37,44.0
671.39,43.61
671.4,43.44
671.42,43.12
671.44,42.86
671.45,42.75
671.47,42.57
671.49,42.46
671.5,42.42
671.52,42.41
671.53,42.42
671.55,42.51
671.57,42.66
671.58,42.76
671.6,43.0
671.62,43.32
671.63,43.5
671.65,43.9
671.67,44.36
671.68,44.61
671.7,45.15
671.72,45.74
671.73,46.05
671.75,46.7
671.77,47.38
671.78,47.73
671.8,48.45
671.82,49.19
671.83,49.56
671.85,50.32
671.86,50.7
671.88,51.45
671.9,52.2
671.91,52.57
671.93,53.29
671.95,53.98
671.96,54.32
671.98,54.96
672.0,55.57
672.01,55.85
672.03,56.38
672.05,56.85
672.06,57.07
672.08,57.45
672.1,57.76
672.11,57.89
672.13,58.1
672.15,58.22
672.16,58.25
672.18,58.26
672.2,58.18
672.21,58.11
672.23,57.91
672.24,57.77
672.26,57.44
672.28,57.01
672.29,56.77
672.31,56.22
672.33,55.59
672.34,55.24
672.36,54.49
672.38,53.65
672.39,53.21
672.41,52.26
672.43,51.25
672.44,50.71
672.46,49.6
672.48,48.43
672.49,47.82
672.51,46.57
672.53,45.27
672.54,44.61
672.56,43.25
672.58,41.85
672.59,41.15
672.61,39.71
672.62,38.99
672.64,37.53
672.66,36.06
672.67,35.32
672.69,33.84
672.71,32.36
672.72,31.62
672.74,30.15
672.76,28.7
672.77,27.98
672.79,26.56
672.81,25.16
672.82,24.47
672.84,23.11
672.86,21.79
672.87,21.14
672.89,19.87
672.91,18.64
672.92,18.04
672.94,16.87
672.96,15.75
672.97,15.21
672.99,14.15
673.0,13.65
673.02,12.66
673.04,11.73
673.05,11.28
673.07,10.41
673.09,9.593
673.1,9.201
673.12,8.452
673.14,7.748
673.15,7.413
673.17,6.775
673.19,6.18
673.2,5.897
673.22,5.362
673.24,4.866
673.25,4.632
673.27,4.19
673.29,3.783
673.3,3.592
673.32,3.233
673.33,3.065
673.35,2.751
673.37,2.464
673.38,2.33
673.4,2.081
673.42,1.855
673.43,1.75
673.45,1.556
673.47,1.381
673.48,1.3
673.5,1.151
673.52,1.018
673.53,0.9567
673.55,0.8446
673.57,0.7451
673.58,0.6997
673.6,0.617
673.62,0.5443
673.63,0.5113
673.65,0.4517
673.67,0.3999
673.68,0.3767
673.7,0.3351
673.71,0.3165
673.73,0.2836
673.75,0.2558
673.76,0.2436
673.78,0.2223
673.8,0.205
673.81,0.1976
673.83,0.1852
673.85,0.1757
673.86,0.1719
673.88,0.1661
673.9,0.1625
673.91,0.1614
673.93,0.1606
673.95,0.1614
673.96,0.1623
673.98,0.1651
674.0,0.1691
674.01,0.1715
674.03,0.177
674.05,0.1834
674.06,0.1868
674.08,0.1942
674.09,0.1982
674.11,0.2064
674.13,0.2151
674.14,0.2196
674.16,0.2288
674.18,0.2383
674.19,0.2431
674.21,0.2528
674.23,0.2626
674.24,0.2676
674.26,0.2774
674.28,0.2872
674.29,0.292
674.31,0.3016
674.33,0.3111
674.34,0.3157
674.36,0.3247
674.38,0.3335
674.39,0.3378
674.41,0.346
674.43,0.3539
674.44,0.3577
674.46,0.365
674.47,0.3685
674.49,0.375
674.51,0.3812
674.52,0.384
674.54,0.3894
674.56,0.3943
674.57,0.3966
674.59,0.4007
674.61,0.4043
674.62,0.406
674.64,0.4089
674.66,0.4113
674.67,0.4124
674.69,0.4141
674.71,0.4154
674.72,0.4159
674.74,0.4166
674.76,0.417
674.77,0.417
674.79,0.4168
674.8,0.4166
674.82,0.416
674.84,0.4151
674.85,0.4146
674.87,0.4133
674.89,0.4119
674.9,0.4111
674.92,0.4095
674.94,0.4077
674.95,0.4067
674.97,0.4047
674.99,0.4027
675.0,0.4016
675.02,0.3995
675.04,0.3972
675.05,0.3961
675.07,0.3938
675.09,0.3915
675.1,0.3903
675.12,0.3879
675.14,0.3854
675.15,0.3842
675.17,0.3816
675.18,0.3803
675.2,0.3776
675.22,0.3748
675.23,0.3734
675.25,0.3705
675.27,0.3674
675.28,0.3658
675.3,0.3625
675.32,0.359
675.33,0.3572
675.35,0.3534
675.37,0.3493
675.38,0.3472
675.4,0.3429
675.42,0.3382
675.43,0.3358
675.45,0.3308
675.47,0.3255
675.48,0.3227
675.5,0.317
675.52,0.311
675.53,0.3079
675.55,0.3015
675.56,0.2981
675.58,0.2913
675.6,0.2843
675.61,0.2806
675.63,0.2732
675.65,0.2656
675.66,0.2617
675.68,0.2537
675.7,0.2456
675.71,0.2415
675.73,0.2332
675.75,0.2248
675.76,0.2206
675.78,0.2121
675.8,0.2035
675.81,0.1992
675.83,0.1907
675.85,0.1822
675.86,0.1779
675.88,0.1695
675.9,0.1611
675.91,0.157
675.93,0.1488
675.94,0.1448
675.96,0.1369
675.98,0.1292
675.99,0.1254
676.01,0.1179
676.03,0.1107
676.04,0.1072
676.06,0.1003
676.08,0.09372
676.09,0.09052
676.11,0.08431
676.13,0.07837
676.14,0.0755
676.16,0.06998
676.18,0.06473
676.19,0.06221
676.21,0.05738
676.23,0.05282
676.24,0.05064
676.26,0.04649
676.27,0.04451
676.29,0.04075
676.31,0.03724
676.32,0.03558
676.34,0.03243
676.36,0.02952
676.37,0.02814
676.39,0.02556
676.41,0.02318
676.42,0.02207
676.44,0.01999
676.46,0.01809
676.47,0.0172
676.49,0.01556
676.51,0.01407
676.52,0.01338
676.54,0.0121
676.56,0.01096
676.57,0.01044
676.59,0.009479
676.61,0.008628
676.62,0.008241
676.64,0.007538
676.65,0.007221
676.67,0.006649
676.69,0.006155
676.7,0.005935
676.72,0.005545
676.74,0.005216
676.75,0.005073
676.77,0.004826
676.79,0.004626
676.8,0.004543
676.82,0.004406
676.84,0.004304
676.85,0.004265
676.87,0.00421
676.89,0.004182
676.9,0.004176
676.92,0.004181
676.94,0.004204
676.95,0.004222
676.97,0.004268
676.99,0.004327
677.0,0.004361
677.02,0.004434
677.03,0.004474
677.05,0.004558
677.07,0.004648
677.08,0.004695
677.1,0.00479
677.12,0.004887
677.13,0.004937
677.15,0.005036
677.17,0.005135
677.18,0.005185
677.2,0.005283
677.22,0.005381
677.23,0.005429
677.25,0.005524
677.27,0.005618
677.28,0.005664
677.3,0.005755
677.32,0.005845
677.33,0.005889
677.35,0.005977
677.37,0.006064
677.38,0.006107
677.4,0.006194
677.41,0.006237
677.43,0.006324
677.45,0.006411
677.46,0.006456
677.48,0.006546
677.5,0.006638
677.51,0.006685
677.53,0.006782
677.55,0.006883
677.56,0.006935
677.58,0.007043
677.6,0.007156
677.61,0.007214
677.63,0.007336
677.65,0.007465
677.66,0.007532
677.68,0.007671
677.7,0.007818
677.71,0.007894
677.73,0.008053
677.74,0.008135
677.76,0.008307
677.78,0.008486
677.79,0.00858
677.81,0.008772
677.83,0.008974
677.84,0.009078
677.86,0.009292
677.88,0.009514
677.89,0.009629
677.91,0.009863
677.93,0.01011
677.94,0.01023
677.96,0.01048
677.98,0.01074
677.99,0.01088
678.01,0.01115
678.03,0.01142
678.04,0.01156
678.06,0.01185
678.08,0.01213
678.09,0.01228
678.11,0.01257
678.12,0.01272
678.14,0.01302
678.16,0.01333
678.17,0.01348
678.19,0.01379
678.21,0.0141
678.22,0.01425
678.24,0.01457
678.26,0.01488
678.27,0.01504
678.29,0.01535
678.31,0.01567
678.32,0.01583
678.34,0.01615
678.36,0.01646
678.37,0.01662
678.39,0.01694
678.41,0.01725
678.42,0.01741
678.44,0.01772
678.46,0.01804
678.47,0.01819
678.49,0.0185
678.5,0.01865
678.52,0.01896
678.54,0.01926
678.55,0.01941
678.57,0.0197
678.59,0.01999
678.6,0.02013
678.62,0.02041
678.64,0.02068
678.65,0.02081
678.67,0.02107
678.69,0.02132
678.7,0.02144
678.72,0.02168
678.74,0.0219
678.75,0.02201
678.77,0.02221
678.79,0.0224
678.8,0.02248
678.82,0.02265
678.84,0.02279
678.85,0.02286
678.87,0.02298
678.88,0.02303
678.9,0.02312
678.92,0.02318
678.93,0.02321
678.95,0.02324
678.97,0.02325
678.98,0.02325
679.0,0.02322
679.02,0.02317
679.03,0.02314
679.05,0.02305
679.07,0.02294
679.08,0.02288
679.1,0.02273
679.12,0.02256
679.13,0.02246
679.15,0.02225
679.17,0.02202
679.18,0.0219
679.2,0.02163
679.21,0.02149
679.23,0.02119
679.25,0.02088
679.26,0.02071
679.28,0.02037
679.3,0.02
679.31,0.01982
679.33,0.01943
679.35,0.01904
679.36,0.01883
679.38,0.01842
679.4,0.018
679.41,0.01778
679.43,0.01735
679.45,0.01692
679.46,0.0167
679.48,0.01626
679.5,0.01583
679.51,0.01562
679.53,0.0152
679.55,0.01478
679.56,0.01458
679.58,0.01419
679.59,0.014
679.61,0.01363
679.63,0.01329
679.64,0.01313
679.66,0.01283
679.68,0.01257
679.69,0.01245
679.71,0.01225
679.73,0.01209
679.74,0.01203
679.76,0.01196
679.78,0.01195
679.79,0.01197
679.81,0.01207
679.83,0.01226
679.84,0.01239
679.86,0.01273
679.88,0.01318
679.89,0.01346
679.91,0.01411
679.93,0.01491
679.94,0.01537
679.96,0.01644
679.97,0.01704
679.99,0.01841
680.01,0.02001
680.02,0.0209
680.04,0.0229
680.06,0.02521
680.07,0.02648
680.09,0.02931
680.11,0.03252
680.12,0.03429
680.14,0.03817
680.16,0.04256
680.17,0.04496
680.19,0.0502
680.21,0.05608
680.22,0.05928
680.24,0.06624
680.26,0.074
680.27,0.07821
680.29,0.08732
680.3,0.09225
680.32,0.1029
680.34,0.1147
680.35,0.121
680.37,0.1347
680.39,0.1497
680.4,0.1578
680.42,0.1751
680.44,0.1941
680.45,0.2042
680.47,0.2259
680.49,0.2496
680.5,0.2622
680.52,0.289
680.54,0.3182
680.55,0.3336
680.57,0.3665
680.59,0.4019
680.6,0.4206
680.62,0.4603
680.64,0.5028
680.65,0.5253
680.67,0.5725
680.68,0.5973
680.7,0.6494
680.72,0.705
680.73,0.7341
680.75,0.7949
680.77,0.8593
680.78,0.8929
680.8,0.9629
680.82,1.037
680.83,1.075
680.85,1.154
680.87,1.237
680.88,1.28
680.9,1.369
680.92,1.461
680.93,1.509
680.95,1.606
680.97,1.707
680.98,1.759
681.0,1.864
681.02,1.973
681.03,2.028
681.05,2.14
681.06,2.197
681.08,2.312
681.1,2.429
681.11,2.488
681.13,2.607
681.15,2.727
681.16,2.787
681.18,2.906
681.2,3.026
681.21,3.085
681.23,3.204
681.25,3.32
681.26,3.378
681.28,3.491
681.3,3.602
681.31,3.656
681.33,3.761
681.35,3.862
681.36,3.911
681.38,4.005
681.4,4.095
681.41,4.137
681.43,4.217
681.44,4.255
681.46,4.326
681.48,4.39
681.49,4.419
681.51,4.472
681.53,4.518
681.54,4.538
681.56,4.571
681.58,4.597
681.59,4.607
681.61,4.621
681.63,4.626
681.64,4.626
681.66,4.619
681.68,4.605
681.69,4.595
681.71,4.568
681.73,4.535
681.74,4.515
681.76,4.471
681.77,4.446
681.79,4.392
681.81,4.332
681.82,4.299
681.84,4.231
681.86,4.157
681.87,4.118
681.89,4.038
681.91,3.954
681.92,3.911
681.94,3.822
681.96,3.731
681.97,3.685
681.99,3.591
682.01,3.497
682.02,3.449
682.04,3.354
682.06,3.259
682.07,3.211
682.09,3.118
682.11,3.026
682.12,2.98
682.14,2.891
682.15,2.848
682.17,2.763
682.19,2.681
682.2,2.642
682.22,2.565
682.24,2.493
682.25,2.459
682.27,2.394
682.29,2.334
682.3,2.305
682.32,2.253
682.34,2.206
682.35,2.184
682.37,2.146
682.39,2.113
682.4,2.099
682.42,2.076
682.44,2.059
682.45,2.052
682.47,2.045
682.49,2.044
682.5,2.046
682.52,2.055
682.53,2.062
682.55,2.081
682.57,2.107
682.58,2.123
682.6,2.158
682.62,2.201
682.63,2.225
682.65,2.277
682.67,2.336
682.68,2.368
682.7,2.437
682.72,2.511
682.73,2.551
682.75,2.634
682.77,2.724
682.78,2.771
682.8,2.868
682.82,2.97
682.83,3.023
682.85,3.133
682.87,3.247
682.88,3.305
682.9,3.424
682.91,3.485
682.93,3.609
682.95,3.735
682.96,3.799
682.98,3.927
683.0,4.057
683.01,4.122
683.03,4.253
683.05,4.383
683.06,4.448
683.08,4.576
683.1,4.703
683.11,4.765
683.13,4.888
683.15,5.007
683.16,5.065
683.18,5.179
683.2,5.287
683.21,5.339
683.23,5.439
683.24,5.486
683.26,5.577
683.28,5.66
683.29,5.699
683.31,5.772
683.33,5.837
683.34,5.867
683.36,5.919
683.38,5.964
683.39,5.983
683.41,6.015
683.43,6.039
683.44,6.047
683.46,6.058
683.48,6.061
683.49,6.059
683.51,6.05
683.53,6.033
683.54,6.022
683.56,5.995
683.58,5.961
683.59,5.942
683.61,5.899
683.62,5.875
683.64,5.825
683.66,5.77
683.67,5.742
683.69,5.682
683.71,5.619
683.72,5.587
683.74,5.522
683.76,5.456
683.77,5.424
683.79,5.358
683.81,5.293
683.82,5.262
683.84,5.2
683.86,5.141
683.87,5.113
683.89,5.059
683.91,5.01
683.92,4.987
683.94,4.945
683.96,4.908
683.97,4.892
683.99,4.864
684.0,4.853
684.02,4.835
684.04,4.824
684.05,4.821
684.07,4.82
684.09,4.827
684.1,4.833
684.12,4.85
684.14,4.873
684.15,4.888
684.17,4.922
684.19,4.962
684.2,4.984
684.22,5.033
684.24,5.088
684.25,5.117
684.27,5.178
684.29,5.244
684.3,5.278
684.32,5.349
684.34,5.422
684.35,5.459
684.37,5.535
684.38,5.573
684.4,5.65
684.42,5.726
684.43,5.764
684.45,5.838
684.47,5.91
684.48,5.945
684.5,6.013
684.52,6.076
684.53,6.106
684.55,6.162
684.57,6.213
684.58,6.236
684.6,6.277
684.62,6.311
684.63,6.325
684.65,6.347
684.67,6.362
684.68,6.366
684.7,6.368
684.71,6.365
684.73,6.354
684.75,6.333
684.76,6.32
684.78,6.286
684.8,6.243
684.81,6.218
684.83,6.162
684.85,6.097
684.86,6.061
684.88,5.984
684.9,5.899
684.91,5.854
684.93,5.759
684.95,5.656
684.96,5.603
684.98,5.492
685.0,5.375
685.01,5.315
685.03,5.192
685.05,5.066
685.06,5.001
685.08,4.87
685.09,4.804
685.11,4.67
685.13,4.535
685.14,4.467
685.16,4.332
685.18,4.197
685.19,4.13
685.21,3.997
685.23,3.866
685.24,3.801
685.26,3.674
685.28,3.549
685.29,3.488
685.31,3.369
685.33,3.254
685.34,3.198
685.36,3.089
685.38,2.985
685.39,2.934
685.41,2.837
685.43,2.745
685.44,2.7
685.46,2.615
685.47,2.574
685.49,2.497
685.51,2.424
685.52,2.389
685.54,2.323
685.56,2.262
685.57,2.233
685.59,2.178
685.61,2.127
685.62,2.103
685.64,2.058
685.66,2.016
685.67,1.996
685.69,1.959
685.71,1.925
685.72,1.909
685.74,1.878
685.76,1.85
685.77,1.837
685.79,1.811
685.81,1.787
685.82,1.776
685.84,1.754
685.85,1.743
685.87,1.722
685.89,1.702
685.9,1.693
685.92,1.674
685.94,1.655
685.95,1.645
685.97,1.626
685.99,1.608
686.0,1.598
686.02,1.579
686.04,1.56
686.05,1.55
686.07,1.53
686.09,1.51
686.1,1.5
686.12,1.479
686.14,1.457
686.15,1.446
686.17,1.424
686.18,1.413
686.2,1.39
686.22,1.367
686.23,1.355
686.25,1.331
686.27,1.306
686.28,1.294
686.3,1.269
686.32,1.243
686.33,1.23
686.35,1.204
686.37,1.178
686.38,1.165
686.4,1.138
686.42,1.112
686.43,1.098
686.45,1.071
686.47,1.045
686.48,1.031
686.5,1.004
686.52,0.9772
686.53,0.9637
686.55,0.9369
686.56,0.9235
686.58,0.8969
686.6,0.8704
686.61,0.8572
686.63,0.831
686.65,0.805
686.66,0.7921
686.68,0.7666
686.7,0.7413
686.71,0.7288
686.73,0.704
686.75,0.6795
686.76,0.6675
686.78,0.6436
686.8,0.6201
686.81,0.6086
686.83,0.5858
686.85,0.5634
686.86,0.5524
686.88,0.5308
686.9,0.5097
686.91,0.4993
686.93,0.4789
686.94,0.4689
686.96,0.4494
686.98,0.4303
686.99,0.421
687.01,0.4028
687.03,0.3851
687.04,0.3764
687.06,0.3596
687.08,0.3433
687.09,0.3354
687.11,0.3199
687.13,0.305
687.14,0.2978
687.16,0.2837
687.18,0.2701
687.19,0.2636
687.21,0.2508
687.23,0.2386
687.24,0.2327
687.26,0.2212
687.28,0.2102
687.29,0.205
687.31,0.1947
687.32,0.1898
687.34,0.1802
687.36,0.1712
687.37,0.1668
687.39,0.1584
687.41,0.1504
687.42,0.1465
687.44,0.1392
687.46,0.1322
687.47,0.1289
687.49,0.1225
687.51,0.1164
687.52,0.1136
687.54,0.1081
687.56,0.103
687.57,0.1006
687.59,0.09601
687.61,0.09177
687.62,0.08977
687.64,0.08603
687.65,0.08429
687.67,0.08105
687.69,0.07813
687.7,0.07679
687.72,0.07435
687.74,0.07224
687.75,0.0713
687.77,0.06965
687.79,0.06832
687.8,0.06777
687.82,0.06691
687.84,0.06636
687.85,0.06619
687.87,0.0661
687.89,0.06631
687.9,0.06652
687.92,0.06718
687.94,0.06813
687.95,0.06871
687.97,0.0701
687.99,0.07176
688.0,0.0727
688.02,0.07477
688.03,0.07591
688.05,0.07837
688.07,0.08108
688.08,0.08253
688.1,0.08559
688.12,0.08888
688.13,0.0906
688.15,0.09418
688.17,0.09795
688.18,0.09989
688.2,0.1039
688.22,0.108
688.23,0.1102
688.25,0.1145
688.27,0.1189
688.28,0.1211
688.3,0.1256
688.32,0.1301
688.33,0.1324
688.35,0.1369
688.37,0.1414
688.38,0.1436
688.4,0.148
688.41,0.1501
688.43,0.1544
688.45,0.1585
688.46,0.1605
688.48,0.1643
688.5,0.168
688.51,0.1698
688.53,0.1731
688.55,0.1762
688.56,0.1777
688.58,0.1804
688.6,0.1828
688.61,0.1839
688.63,0.1859
688.65,0.1875
688.66,0.1882
688.68,0.1894
688.7,0.1902
688.71,0.1905
688.73,0.1908
688.74,0.1908
688.76,0.1907
688.78,0.1902
688.79,0.1898
688.81,0.1889
688.83,0.1877
688.84,0.1869
688.86,0.1854
688.88,0.1836
688.89,0.1826
688.91,0.1806
688.93,0.1785
688.94,0.1774
688.96,0.1753
688.98,0.1732
688.99,0.1722
689.01,0.1703
689.03,0.1687
689.04,0.168
689.06,0.167
689.08,0.1664
689.09,0.1664
689.11,0.167
689.12,0.1675
689.14,0.1695
689.16,0.1726
689.17,0.1746
689.19,0.1799
689.21,0.1868
689.22,0.191
689.24,0.2011
689.26,0.2137
689.27,0.221
689.29,0.2379
689.31,0.2583
689.32,0.2699
689.34,0.2962
689.36,0.3273
689.37,0.3447
689.39,0.3838
689.41,0.4292
689.42,0.4544
689.44,0.5104
689.46,0.5746
689.47,0.61
689.49,0.6882
689.5,0.7311
689.52,0.8254
689.54,0.9318
689.55,0.9899
689.57,1.117
689.59,1.259
689.6,1.336
689.62,1.504
689.64,1.69
689.65,1.791
689.67,2.009
689.69,2.25
689.7,2.379
689.72,2.657
689.74,2.962
689.75,3.126
689.77,3.475
689.79,3.857
689.8,4.06
689.82,4.492
689.84,4.961
689.85,5.21
689.87,5.736
689.88,6.015
689.9,6.603
689.92,7.234
689.93,7.567
689.95,8.265
689.97,9.01
689.98,9.4
690.0,10.22
690.02,11.08
690.03,11.53
690.05,12.47
690.07,13.45
690.08,13.97
690.1,15.02
690.12,16.13
690.13,16.7
690.15,17.88
690.17,19.1
690.18,19.72
690.2,21.0
690.21,21.66
690.23,23.0
690.25,24.37
690.26,25.07
690.28,26.48
690.3,27.92
690.31,28.64
690.33,30.11
690.35,31.59
690.36,32.33
690.38,33.81
690.4,35.29
690.41,36.03
690.43,37.49
690.45,38.94
690.46,39.66
690.48,41.07
690.5,42.44
690.51,43.12
690.53,44.43
690.55,45.69
690.56,46.3
690.58,47.48
690.59,48.04
690.61,49.12
690.63,50.12
690.64,50.59
690.66,51.48
690.68,52.27
690.69,52.64
690.71,53.3
690.73,53.87
690.74,54.12
690.76,54.54
690.78,54.86
690.79,54.98
690.81,55.15
690.83,55.21
690.84,55.21
690.86,55.12
690.88,54.92
690.89,54.79
690.91,54.45
690.93,54.01
690.94,53.76
690.96,53.19
690.97,52.86
690.99,52.16
691.01,51.37
691.02,50.95
691.04,50.05
691.06,49.07
691.07,48.56
691.09,47.5
691.11,46.37
691.12,45.79
691.14,44.6
691.16,43.36
691.17,42.73
691.19,41.44
691.21,40.12
691.22,39.46
691.24,38.11
691.26,36.75
691.27,36.07
691.29,34.7
691.31,33.33
691.32,32.65
691.34,31.29
691.35,30.61
691.37,29.27
691.39,27.95
691.4,27.29
691.42,26.0
691.44,24.73
691.45,24.11
691.47,22.89
691.49,21.69
691.5,21.11
691.52,19.97
691.54,18.87
691.55,18.33
691.57,17.28
691.59,16.27
691.6,15.78
691.62,14.83
691.64,13.92
691.65,13.48
691.67,12.63
691.68,12.22
691.7,11.44
691.72,10.68
691.73,10.32
691.75,9.631
691.77,8.976
691.78,8.662
691.8,8.06
691.82,7.494
691.83,7.224
691.85,6.708
691.87,6.224
691.88,5.993
691.9,5.555
691.92,5.146
691.93,4.952
691.95,4.583
691.97,4.24
691.98,4.078
692.0,3.771
692.02,3.487
692.03,3.353
692.05,3.1
692.06,2.98
692.08,2.756
692.1,2.548
692.11,2.451
692.13,2.268
692.15,2.1
692.16,2.021
692.18,1.873
692.2,1.737
692.21,1.674
692.23,1.555
692.25,1.446
692.26,1.395
692.28,1.3
692.3,1.213
692.31,1.173
692.33,1.097
692.35,1.028
692.36,0.9957
692.38,0.9355
692.4,0.8807
692.41,0.8551
692.43,0.8076
692.44,0.7854
692.46,0.7443
692.48,0.7071
692.49,0.6898
692.51,0.6579
692.53,0.6294
692.54,0.6163
692.56,0.5925
692.58,0.5716
692.59,0.5623
692.61,0.5458
692.63,0.5322
692.64,0.5265
692.66,0.5173
692.68,0.5111
692.69,0.5092
692.71,0.5077
692.73,0.5095
692.74,0.5117
692.76,0.5189
692.78,0.5299
692.79,0.5369
692.81,0.5542
692.82,0.5645
692.84,0.5887
692.86,0.618
692.87,0.6346
692.89,0.6721
692.91,0.7157
692.92,0.7399
692.94,0.7933
692.96,0.8539
692.97,0.887
692.99,0.9592
693.01,1.04
693.02,1.083
693.04,1.178
693.06,1.282
693.07,1.337
693.09,1.457
693.11,1.587
693.12,1.657
693.14,1.805
693.15,1.883
693.17,2.049
693.19,2.229
693.2,2.323
693.22,2.523
693.24,2.736
693.25,2.848
693.27,3.082
693.29,3.331
693.3,3.461
693.32,3.731
693.34,4.016
693.35,4.164
693.37,4.47
693.39,4.79
693.4,4.955
693.42,5.296
693.44,5.649
693.45,5.83
693.47,6.202
693.49,6.584
693.5,6.779
693.52,7.175
693.53,7.377
693.55,7.786
693.57,8.201
693.58,8.41
693.6,8.832
693.62,9.256
693.63,9.469
693.65,9.894
693.67,10.32
693.68,10.53
693.7,10.95
693.72,11.36
693.73,11.56
693.75,11.96
693.77,12.34
693.78,12.53
693.8,12.89
693.82,13.24
693.83,13.41
693.85,13.73
693.87,14.03
693.88,14.17
693.9,14.43
693.91,14.55
693.93,14.78
693.95,14.98
693.96,15.07
693.98,15.22
694.0,15.35
694.01,15.4
694.03,15.47
694.05,15.52
694.06,15.53
694.08,15.53
694.1,15.5
694.11,15.47
694.13,15.39
694.15,15.28
694.16,15.21
694.18,15.06
694.2,14.87
694.21,14.77
694.23,14.54
694.25,14.29
694.26,14.15
694.28,13.86
694.29,13.71
694.31,13.39
694.33,13.05
694.34,12.87
694.36,12.51
694.38,12.13
694.39,11.93
694.41,11.53
694.43,11.12
694.44,10.92
694.46,10.5
694.48,10.07
694.49,9.861
694.51,9.434
694.53,9.007
694.54,8.793
694.56,8.37
694.58,7.95
694.59,7.742
694.61,7.331
694.62,7.128
694.64,6.729
694.66,6.339
694.67,6.148
694.69,5.775
694.71,5.412
694.72,5.236
694.74,4.893
694.76,4.563
694.77,4.403
694.79,4.093
694.81,3.798
694.82,3.655
694.84,3.382
694.86,3.122
694.87,2.997
694.89,2.759
694.91,2.535
694.92,2.428
694.94,2.224
694.96,2.033
694.97,1.942
694.99,1.771
695.0,1.689
695.02,1.536
695.04,1.394
695.05,1.327
695.07,1.201
695.09,1.085
695.1,1.031
695.12,0.9294
695.14,0.8366
695.15,0.7933
695.17,0.7127
695.19,0.6394
695.2,0.6055
695.22,0.5425
695.24,0.4857
695.25,0.4595
695.27,0.4111
695.29,0.3679
695.3,0.348
695.32,0.3116
695.34,0.2793
695.35,0.2645
695.37,0.2377
695.38,0.2255
695.4,0.2034
695.42,0.1842
695.43,0.1755
695.45,0.16
695.47,0.1467
695.48,0.1408
695.5,0.1304
695.52,0.1217
695.53,0.1179
695.55,0.1115
695.57,0.1064
695.58,0.1044
695.6,0.1011
695.62,0.0988
695.63,0.09804
695.65,0.09718
695.67,0.09715
695.68,0.09743
695.7,0.09853
695.72,0.1003
695.73,0.1014
695.75,0.1041
695.76,0.1057
695.78,0.1092
695.8,0.1132
695.81,0.1154
695.83,0.1201
695.85,0.1253
695.86,0.128
695.88,0.1338
695.9,0.14
695.91,0.1432
695.93,0.1499
695.95,0.1569
695.96,0.1606
695.98,0.1681
696.0,0.176
696.01,0.18
696.03,0.1884
696.05,0.197
696.06,0.2015
696.08,0.2107
696.09,0.2154
696.11,0.2251
696.13,0.2352
696.14,0.2404
696.16,0.2512
696.18,0.2625
696.19,0.2683
696.21,0.2805
696.23,0.2934
696.24,0.3002
696.26,0.3143
696.28,0.3294
696.29,0.3374
696.31,0.3544
696.33,0.3728
696.34,0.3827
696.36,0.4037
696.38,0.4268
696.39,0.4392
696.41,0.466
696.43,0.4957
696.44,0.5117
696.46,0.5465
696.47,0.5654
696.49,0.6063
696.51,0.652
696.52,0.6769
696.54,0.7308
696.56,0.7911
696.57,0.8238
696.59,0.8949
696.61,0.9741
696.62,1.017
696.64,1.11
696.66,1.213
696.67,1.269
696.69,1.39
696.71,1.523
696.72,1.595
696.74,1.75
696.76,1.92
696.77,2.011
696.79,2.207
696.81,2.421
696.82,2.535
696.84,2.779
696.85,2.908
696.87,3.184
696.89,3.483
696.9,3.642
696.92,3.977
696.94,4.339
696.95,4.529
696.97,4.931
696.99,5.36
697.0,5.585
697.02,6.057
697.04,6.559
697.05,6.821
697.07,7.367
697.09,7.944
697.1,8.243
697.12,8.865
697.14,9.516
697.15,9.852
697.17,10.55
697.19,11.27
697.2,11.64
697.22,12.4
697.23,12.79
697.25,13.59
697.27,14.41
697.28,14.82
697.3,15.67
697.32,16.53
697.33,16.97
697.35,17.85
697.37,18.74
697.38,19.19
697.4,20.08
697.42,20.98
697.43,21.42
697.45,22.31
697.47,23.19
697.48,23.62
697.5,24.48
697.52,25.31
697.53,25.72
697.55,26.52
697.56,26.9
697.58,27.65
697.6,28.36
697.61,28.71
697.63,29.36
697.65,29.96
697.66,30.24
697.68,30.77
697.7,31.24
697.71,31.46
697.73,31.85
697.75,32.17
697.76,32.31
697.78,32.54
697.8,32.71
697.81,32.77
697.83,32.84
697.85,32.84
697.86,32.81
697.88,32.71
697.9,32.55
697.91,32.44
697.93,32.18
697.94,32.02
697.96,31.66
697.98,31.25
697.99,31.02
698.01,30.52
698.03,29.96
698.04,29.67
698.06,29.04
698.08,28.37
698.09,28.02
698.11,27.28
698.13,26.52
698.14,26.12
698.16,25.31
698.18,24.48
698.19,24.05
698.21,23.18
698.23,22.3
698.24,21.86
698.26,20.97
698.28,20.07
698.29,19.62
698.31,18.72
698.32,18.27
698.34,17.39
698.36,16.51
698.37,16.07
698.39,15.21
698.41,14.37
698.42,13.96
698.44,13.14
698.46,12.35
698.47,11.97
698.49,11.21
698.51,10.48
698.52,10.13
698.54,9.444
698.56,8.787
698.57,8.469
698.59,7.857
698.61,7.273
698.62,6.993
698.64,6.455
698.65,6.197
698.67,5.704
698.69,5.239
698.7,5.018
698.72,4.597
698.74,4.203
698.75,4.017
698.77,3.663
698.79,3.336
698.8,3.181
698.82,2.891
698.84,2.623
698.85,2.498
698.87,2.264
698.89,2.051
698.9,1.952
698.92,1.769
698.94,1.604
698.95,1.529
698.97,1.391
698.99,1.27
699.0,1.215
699.02,1.118
699.03,1.075
699.05,1.001
699.07,0.9414
699.08,0.9171
699.1,0.8793
699.12,0.8558
699.13,0.8494
699.15,0.8475
699.17,0.8602
699.18,0.8722
699.2,0.9077
699.22,0.9591
699.23,0.991
699.25,1.068
699.27,1.162
699.28,1.217
699.3,1.34
699.32,1.485
699.33,1.566
699.35,1.746
699.37,1.951
699.38,2.064
699.4,2.31
699.41,2.445
699.43,2.738
699.45,3.066
699.46,3.243
699.48,3.627
699.5,4.051
699.51,4.28
699.53,4.771
699.55,5.311
699.56,5.6
699.58,6.218
699.6,6.893
699.61,7.253
699.63,8.019
699.65,8.851
699.66,9.292
699.68,10.23
699.7,11.24
699.71,11.77
699.73,12.89
699.75,14.1
699.76,14.73
699.78,16.06
699.79,16.76
699.81,18.23
699.83,19.78
699.84,20.59
699.86,22.28
699.88,24.07
699.89,25.0
699.91,26.92
699.93,28.94
699.94,29.99
699.96,32.15
699.98,34.4
699.99,35.56
700.01,37.94
700.03,40.4
700.04,41.66
700.06,44.24
700.08,46.89
700.09,48.24
700.11,50.99
700.12,52.38
700.14,55.21
700.16,58.08
700.17,59.52
700.19,62.44
700.21,65.37
700.22,66.85
700.24,69.79
700.26,72.73
700.27,74.19
700.29,77.09
700.31,79.96
700.32,81.37
700.34,84.16
700.36,86.88
700.37,88.21
700.39,90.81
700.41,93.3
700.42,94.51
700.44,96.84
700.46,99.03
700.47,100.1
700.49,102.1
700.5,103.0
700.52,104.7
700.54,106.3
700.55,107.0
700.57,108.3
700.59,109.5
700.6,109.9
700.62,110.8
700.64,111.4
700.65,111.6
700.67,111.9
700.69,112.0
700.7,112.0
700.72,111.8
700.74,111.4
700.75,111.1
700.77,110.4
700.79,109.5
700.8,108.9
700.82,107.7
700.84,106.4
700.85,105.6
700.87,104.0
700.88,103.1
700.9,101.2
700.92,99.2
700.93,98.15
700.95,95.94
700.97,93.62
700.98,92.41
701.0,89.94
701.02,87.39
701.03,86.08
701.05,83.43
701.07,80.72
701.08,79.35
701.1,76.59
701.12,73.81
701.13,72.42
701.15,69.64
701.17,66.86
701.18,65.48
701.2,62.74
701.22,60.04
701.23,58.71
701.25,56.08
701.26,54.79
701.28,52.25
701.3,49.79
701.31,48.58
701.33,46.23
701.35,43.97
701.36,42.87
701.38,40.75
701.4,38.72
701.41,37.74
701.43,35.86
701.45,34.08
701.46,33.22
701.48,31.6
701.5,30.07
701.51,29.34
701.53,27.97
701.55,26.69
701.56,26.09
701.58,24.96
701.59,24.43
701.61,23.44
701.63,22.54
701.64,22.12
701.66,21.34
701.68,20.65
701.69,20.33
701.71,19.74
701.73,19.22
701.74,18.99
701.76,18.57
701.78,18.2
701.79,18.04
701.81,17.76
701.83,17.52
701.84,17.41
701.86,17.23
701.88,17.09
701.89,17.03
701.91,16.93
701.93,16.85
701.94,16.82
701.96,16.78
701.97,16.76
701.99,16.74
702.01,16.72
702.02,16.72
702.04,16.71
702.06,16.71
702.07,16.7
702.09,16.7
702.11,16.68
702.12,16.68
702.14,16.65
702.16,16.62
702.17,16.6
702.19,16.55
702.21,16.48
702.22,16.45
702.24,16.36
702.26,16.25
702.27,16.19
702.29,16.06
702.31,15.91
702.32,15.83
702.34,15.66
702.35,15.56
702.37,15.36
702.39,15.14
702.4,15.02
702.42,14.77
702.44,14.51
702.45,14.37
702.47,14.08
702.49,13.78
702.5,13.62
702.52,13.3
702.54,12.96
702.55,12.79
702.57,12.44
702.59,12.07
702.6,11.89
702.62,11.52
702.64,11.14
702.65,10.95
702.67,10.57
702.69,10.18
702.7,9.988
702.72,9.602
702.73,9.409
702.75,9.025
702.77,8.644
702.78,8.455
702.8,8.081
702.82,7.714
702.83,7.533
702.85,7.177
702.87,6.83
702.88,6.66
702.9,6.328
702.92,6.007
702.93,5.851
702.95,5.549
702.97,5.259
702.98,5.119
703.0,4.849
703.02,4.594
703.03,4.472
703.05,4.239
703.06,4.128
703.08,3.917
703.1,3.722
703.11,3.63
703.13,3.458
703.15,3.301
703.16,3.229
703.18,3.095
703.2,2.978
703.21,2.925
703.23,2.831
703.25,2.752
703.26,2.718
703.28,2.662
703.3,2.62
703.31,2.605
703.33,2.586
703.35,2.582
703.36,2.585
703.38,2.602
703.4,2.633
703.41,2.654
703.43,2.706
703.44,2.737
703.46,2.809
703.48,2.895
703.49,2.943
703.51,3.049
703.53,3.167
703.54,3.231
703.56,3.369
703.58,3.519
703.59,3.599
703.61,3.767
703.63,3.947
703.64,4.042
703.66,4.239
703.68,4.448
703.69,4.556
703.71,4.781
703.73,5.016
703.74,5.137
703.76,5.387
703.78,5.645
703.79,5.778
703.81,6.049
703.82,6.187
703.84,6.469
703.86,6.757
703.87,6.903
703.89,7.199
703.91,7.499
703.92,7.651
703.94,7.955
703.96,8.262
703.97,8.415
703.99,8.722
704.01,9.028
704.02,9.18
704.04,9.481
704.06,9.778
704.07,9.925
704.09,10.21
704.11,10.49
704.12,10.63
704.14,10.9
704.16,11.16
704.17,11.28
704.19,11.52
704.2,11.63
704.22,11.85
704.24,12.05
704.25,12.14
704.27,12.32
704.29,12.47
704.3,12.55
704.32,12.67
704.34,12.78
704.35,12.83
704.37,12.91
704.39,12.96
704.4,12.98
704.42,13.0
704.44,13.0
704.45,13.0
704.47,12.96
704.49,12.91
704.5,12.88
704.52,12.79
704.53,12.74
704.55,12.62
704.57,12.49
704.58,12.41
704.6,12.25
704.62,12.07
704.63,11.98
704.65,11.77
704.67,11.56
704.68,11.44
704.7,11.21
704.72,10.96
704.73,10.84
704.75,10.58
704.77,10.32
704.78,10.18
704.8,9.912
704.82,9.638
704.83,9.501
704.85,9.227
704.87,8.954
704.88,8.819
704.9,8.551
704.91,8.419
704.93,8.16
704.95,7.908
704.96,7.785
704.98,7.546
705.0,7.318
705.01,7.208
705.03,6.997
705.05,6.798
705.06,6.704
705.08,6.527
705.1,6.364
705.11,6.288
705.13,6.148
705.15,6.024
705.16,5.968
705.18,5.868
705.2,5.784
705.21,5.748
705.23,5.689
705.25,5.645
705.26,5.629
705.28,5.609
705.29,5.604
705.31,5.606
705.33,5.623
705.34,5.636
705.36,5.672
705.38,5.721
705.39,5.75
705.41,5.816
705.43,5.892
705.44,5.933
705.46,6.023
705.48,6.12
705.49,6.172
705.51,6.279
705.53,6.391
705.54,6.448
705.56,6.566
705.58,6.686
705.59,6.746
705.61,6.867
705.63,6.988
705.64,7.048
705.66,7.167
705.67,7.225
705.69,7.339
705.71,7.449
705.72,7.502
705.74,7.604
705.76,7.699
705.77,7.744
705.79,7.829
705.81,7.906
705.82,7.941
705.84,8.005
705.86,8.06
705.87,8.084
705.89,8.125
705.91,8.156
705.92,8.167
705.94,8.183
705.96,8.188
705.97,8.187
705.99,8.178
706.0,8.169
706.02,8.144
706.04,8.109
706.05,8.088
706.07,8.039
706.09,7.98
706.1,7.948
706.12,7.876
706.14,7.796
706.15,7.753
706.17,7.662
706.19,7.563
706.2,7.51
706.22,7.401
706.24,7.286
706.25,7.226
706.27,7.103
706.29,6.975
706.3,6.909
706.32,6.774
706.34,6.636
706.35,6.565
706.37,6.422
706.38,6.35
706.4,6.203
706.42,6.054
706.43,5.979
706.45,5.828
706.47,5.676
706.48,5.6
706.5,5.447
706.52,5.295
706.53,5.218
706.55,5.066
706.57,4.914
706.58,4.839
706.6,4.688
706.62,4.539
706.63,4.465
706.65,4.318
706.67,4.174
706.68,4.102
706.7,3.96
706.72,3.82
706.73,3.752
706.75,3.616
706.76,3.549
706.78,3.417
706.8,3.289
706.81,3.226
706.83,3.102
706.85,2.982
706.86,2.923
706.88,2.809
706.9,2.699
706.91,2.645
706.93,2.542
706.95,2.443
706.96,2.395
706.98,2.304
707.0,2.218
707.01,2.177
707.03,2.101
707.05,2.031
707.06,1.998
707.08,1.939
707.1,1.888
707.11,1.865
707.13,1.827
707.14,1.812
707.16,1.788
707.18,1.775
707.19,1.773
707.21,1.779
707.23,1.797
707.24,1.812
707.26,1.852
707.28,1.908
707.29,1.943
707.31,2.027
707.33,2.13
707.34,2.189
707.36,2.325
707.38,2.485
707.39,2.575
707.41,2.774
707.43,3.003
707.44,3.129
707.46,3.405
707.47,3.556
707.49,3.884
707.51,4.251
707.52,4.45
707.54,4.879
707.56,5.352
707.57,5.606
707.59,6.151
707.61,6.746
707.62,7.064
707.64,7.741
707.66,8.476
707.67,8.865
707.69,9.691
707.71,10.58
707.72,11.05
707.74,12.04
707.76,13.09
707.77,13.65
707.79,14.81
707.81,16.04
707.82,16.68
707.84,18.03
707.85,18.73
707.87,20.18
707.89,21.71
707.9,22.5
707.92,24.13
707.94,25.83
707.95,26.71
707.97,28.52
707.99,30.39
708.0,31.34
708.02,33.3
708.04,35.31
708.05,36.34
708.07,38.42
708.09,40.55
708.1,41.63
708.12,43.8
708.14,46.0
708.15,47.11
708.17,49.33
708.19,51.55
708.2,52.66
708.22,54.88
708.23,55.98
708.25,58.16
708.27,60.31
708.28,61.36
708.3,63.45
708.32,65.47
708.33,66.45
708.35,68.37
708.37,70.21
708.38,71.09
708.4,72.78
708.42,74.37
708.43,75.13
708.45,76.54
708.47,77.83
708.48,78.42
708.5,79.51
708.52,80.45
708.53,80.87
708.55,81.58
708.56,81.89
708.58,82.37
708.6,82.7
708.61,82.8
708.63,82.88
708.65,82.81
708.66,82.71
708.68,82.39
708.7,81.91
708.71,81.61
708.73,80.89
708.75,80.03
708.76,79.55
708.78,78.47
708.8,77.25
708.81,76.59
708.83,75.19
708.85,73.66
708.86,72.86
708.88,71.17
708.9,69.39
708.91,68.46
708.93,66.55
708.94,65.57
708.96,63.55
708.98,61.48
708.99,60.43
709.01,58.29
709.03,56.11
709.04,55.01
709.06,52.81
709.08,50.59
709.09,49.48
709.11,47.27
709.13,45.07
709.14,43.97
709.16,41.8
709.18,39.66
709.19,38.6
709.21,36.52
709.23,34.49
709.24,33.49
709.26,31.53
709.28,29.63
709.29,28.7
709.31,26.89
709.32,26.02
709.34,24.31
709.36,22.67
709.37,21.88
709.39,20.34
709.41,18.88
709.42,18.18
709.44,16.82
709.46,15.54
709.47,14.93
709.49,13.75
709.51,12.64
709.52,12.12
709.54,11.11
709.56,10.17
709.57,9.722
709.59,8.874
709.61,8.086
709.62,7.713
709.64,7.009
709.66,6.358
709.67,6.051
709.69,5.475
709.7,5.205
709.72,4.697
709.74,4.232
709.75,4.015
709.77,3.609
709.79,3.239
709.8,3.067
709.82,2.747
709.84,2.457
709.85,2.323
709.87,2.075
709.89,1.851
709.9,1.748
709.92,1.558
709.94,1.388
709.95,1.31
709.97,1.167
709.99,1.04
710.0,0.9818
710.02,0.8763
710.03,0.8283
710.05,0.7412
710.07,0.665
710.08,0.6306
710.1,0.5688
710.12,0.5153
710.13,0.4915
710.15,0.4491
710.17,0.4131
710.18,0.3973
710.2,0.3698
710.22,0.347
710.23,0.3373
710.25,0.3209
710.27,0.3082
710.28,0.303
710.3,0.295
710.32,0.2896
710.33,0.2878
710.35,0.2859
710.37,0.286
710.38,0.2866
710.4,0.2892
710.41,0.2909
710.43,0.2954
710.45,0.3011
710.46,0.3042
710.48,0.3112
710.5,0.3188
710.51,0.3229
710.53,0.3313
710.55,0.3402
710.56,0.3447
710.58,0.354
710.6,0.3634
710.61,0.3681
710.63,0.3775
710.65,0.3868
710.66,0.3914
710.68,0.4005
710.7,0.4093
710.71,0.4136
710.73,0.4219
710.75,0.4298
710.76,0.4336
710.78,0.4409
710.79,0.4443
710.81,0.4507
710.83,0.4566
710.84,0.4594
710.86,0.4644
710.88,0.4688
710.89,0.4707
710.91,0.4741
710.93,0.4769
710.94,0.478
710.96,0.4797
710.98,0.4808
710.99,0.4811
711.01,0.4812
711.03,0.4806
711.04,0.4801
711.06,0.4786
711.08,0.4765
711.09,0.4752
711.11,0.4723
711.13,0.4687
711.14,0.4668
711.16,0.4624
711.17,0.4601
711.19,0.4551
711.21,0.4496
711.22,0.4468
711.24,0.4407
711.26,0.4344
711.27,0.431
711.29,0.4242
711.31,0.4171
711.32,0.4135
711.34,0.406
711.36,0.3984
711.37,0.3946
711.39,0.3867
711.41,0.3788
711.42,0.3748
711.44,0.3668
711.46,0.3587
711.47,0.3546
711.49,0.3466
711.5,0.3425
711.52,0.3345
711.54,0.3265
711.55,0.3225
711.57,0.3146
711.59,0.3069
711.6,0.303
711.62,0.2954
711.64,0.2879
711.65,0.2842
711.67,0.277
711.69,0.2699
711.7,0.2664
711.72,0.2596
711.74,0.253
711.75,0.2498
711.77,0.2434
711.79,0.2374
711.8,0.2344
711.82,0.2287
711.84,0.2232
711.85,0.2205
711.87,0.2155
711.88,0.213
711.9,0.2084
711.92,0.204
711.93,0.202
711.95,0.1981
711.97,0.1946
711.98,0.193
712.0,0.19
712.02,0.1875
712.03,0.1863
712.05,0.1844
712.07,0.183
712.08,0.1824
712.1,0.1817
712.12,0.1814
712.13,0.1815
712.15,0.1821
712.17,0.1833
712.18,0.1841
712.2,0.1862
712.22,0.1889
712.23,0.1905
712.25,0.1943
712.26,0.1965
712.28,0.2013
712.3,0.2069
712.31,0.21
712.33,0.2168
712.35,0.2244
712.36,0.2285
712.38,0.2374
712.4,0.2471
712.41,0.2523
712.43,0.2634
712.45,0.2753
712.46,0.2817
712.48,0.295
712.5,0.3092
712.51,0.3166
712.53,0.3322
712.55,0.3486
712.56,0.3571
712.58,0.3748
712.6,0.3934
712.61,0.403
712.63,0.4227
712.64,0.4329
712.66,0.4537
712.68,0.4753
712.69,0.4862
712.71,0.5087
712.73,0.5316
712.74,0.5433
712.76,0.5669
712.78,0.5909
712.79,0.603
712.81,0.6273
712.83,0.6517
712.84,0.664
712.86,0.6885
712.88,0.7128
712.89,0.7249
712.91,0.7489
712.93,0.7725
712.94,0.7841
712.96,0.807
712.97,0.8182
712.99,0.84
713.01,0.8611
713.02,0.8713
713.04,0.8909
713.06,0.9095
713.07,0.9184
713.09,0.9352
713.11,0.9507
713.12,0.958
713.14,0.9715
713.16,0.9835
713.17,0.9889
713.19,0.9985
713.21,1.007
713.22,1.01
713.24,1.016
713.26,1.019
713.27,1.021
713.29,1.022
713.31,1.021
713.32,1.021
713.34,1.017
713.35,1.015
713.37,1.01
713.39,1.002
713.4,0.9982
713.42,0.9886
713.44,0.9775
713.45,0.9714
713.47,0.9581
713.49,0.9435
713.5,0.9357
713.52,0.9192
713.54,0.9016
713.55,0.8924
713.57,0.8733
713.59,0.8533
713.6,0.843
713.62,0.8219
713.64,0.8001
713.65,0.789
713.67,0.7664
713.69,0.7435
713.7,0.7319
713.72,0.7085
713.73,0.6968
713.75,0.6732
713.77,0.6497
713.78,0.6379
713.8,0.6144
713.82,0.5912
713.83,0.5796
713.85,0.5567
713.87,0.5341
713.88,0.523
713.9,0.501
713.92,0.4795
713.93,0.469
713.95,0.4483
713.97,0.4281
713.98,0.4182
714.0,0.3989
714.02,0.3803
714.03,0.3711
714.05,0.3534
714.07,0.3363
714.08,0.328
714.1,0.3118
714.11,0.304
714.13,0.2888
714.15,0.2742
714.16,0.2672
714.18,0.2535
714.2,0.2405
714.21,0.2342
714.23,0.222
714.25,0.2104
714.26,0.2047
714.28,0.1939
714.3,0.1836
714.31,0.1786
714.33,0.169
714.35,0.1598
714.36,0.1554
714.38,0.1469
714.4,0.1388
714.41,0.1349
714.43,0.1274
714.44,0.1238
714.46,0.1168
714.48,0.1102
714.49,0.107
714.51,0.1008
714.53,0.09497
714.54,0.09214
714.56,0.0867
714.58,0.08153
714.59,0.07903
714.61,0.07424
714.63,0.06967
714.64,0.06748
714.66,0.06325
714.68,0.05924
714.69,0.05731
714.71,0.0536
714.73,0.05008
714.74,0.04839
714.76,0.04514
714.78,0.04207
714.79,0.04059
714.81,0.03777
714.82,0.03641
714.84,0.03382
714.86,0.03137
714.87,0.0302
714.89,0.02797
714.91,0.02586
714.92,0.02486
714.94,0.02294
714.96,0.02115
714.97,0.0203
714.99,0.01867
715.01,0.01715
715.02,0.01643
715.04,0.01507
715.06,0.01379
715.07,0.01319
715.09,0.01205
715.11,0.01099
715.12,0.0105
715.14,0.009554
715.16,0.008684
715.17,0.008275
715.19,0.007505
715.2,0.007144
715.22,0.006465
715.24,0.005842
715.25,0.00555
715.27,0.005004
715.29,0.004505
715.3,0.004272
715.32,0.003837
715.34,0.003442
715.35,0.003257
715.37,0.002915
715.39,0.002605
715.4,0.002461
715.42,0.002194
715.44,0.001953
715.45,0.001842
715.47,0.001636
715.49,0.001451
715.5,0.001366
715.52,0.001209
715.54,0.001069
715.55,0.001004
715.57,0.0008862
715.58,0.0008321
715.6,0.000733
715.62,0.0006452
715.63,0.0006051
715.65,0.0005322
715.67,0.0004681
715.68,0.000439
715.7,0.0003865
715.72,0.0003408
715.73,0.0003204
715.75,0.0002838
715.77,0.0002527
715.78,0.000239
715.8,0.0002152
715.82,0.0001959
715.83,0.0001878
715.85,0.0001747
715.87,0.0001654
715.88,0.0001622
715.9,0.0001586
715.91,0.0001582
715.93,0.0001602
715.95,0.0001661
715.96,0.0001705
715.98,0.0001823
716.0,0.0001985
716.01,0.0002083
716.03,0.0002316
716.05,0.0002602
716.06,0.0002766
716.08,0.0003141
716.1,0.0003583
716.11,0.0003831
716.13,0.0004389
716.15,0.0005035
716.16,0.0005394
716.18,0.0006193
716.2,0.0007108
716.21,0.0007613
716.23,0.0008729
716.25,0.0009998
716.26,0.001069
716.28,0.001223
716.29,0.001307
716.31,0.001491
716.33,0.001698
716.34,0.001811
716.36,0.002058
716.38,0.002335
716.39,0.002485
716.41,0.002812
716.43,0.003177
716.44,0.003374
716.46,0.003802
716.48,0.004277
716.49,0.004533
716.51,0.005085
716.53,0.005695
716.54,0.006023
716.56,0.006727
716.58,0.007501
716.59,0.007915
716.61,0.008802
716.63,0.00977
716.64,0.01029
716.66,0.01139
716.67,0.01198
716.69,0.01322
716.71,0.01457
716.72,0.01529
716.74,0.01681
716.76,0.01844
716.77,0.01931
716.79,0.02113
716.81,0.02308
716.82,0.02411
716.84,0.02626
716.86,0.02857
716.87,0.02977
716.89,0.03229
716.91,0.03497
716.92,0.03637
716.94,0.03928
716.96,0.04235
716.97,0.04394
716.99,0.04726
717.01,0.05073
717.02,0.05253
717.04,0.05626
717.05,0.05818
717.07,0.06216
717.09,0.06629
717.1,0.06842
717.12,0.07281
717.14,0.07735
717.15,0.07968
717.17,0.08447
717.19,0.08941
717.2,0.09194
717.22,0.09712
717.24,0.1025
717.25,0.1052
717.27,0.1108
717.29,0.1165
717.3,0.1194
717.32,0.1254
717.34,0.1316
717.35,0.1347
717.37,0.1412
717.38,0.1445
717.4,0.1513
717.42,0.1582
717.43,0.1618
717.45,0.1692
717.47,0.1769
717.48,0.1809
717.5,0.1891
717.52,0.1977
717.53,0.2022
717.55,0.2115
717.57,0.2213
717.58,0.2264
717.6,0.2372
717.62,0.2487
717.63,0.2547
717.65,0.2674
717.67,0.2811
717.68,0.2883
717.7,0.3036
717.72,0.3202
717.73,0.3289
717.75,0.3475
717.76,0.3574
717.78,0.3785
717.8,0.4013
717.81,0.4134
717.83,0.4392
717.85,0.4671
717.86,0.482
717.88,0.5135
717.9,0.5477
717.91,0.5658
717.93,0.6042
717.95,0.6457
717.96,0.6676
717.98,0.7139
718.0,0.7637
718.01,0.79
718.03,0.8453
718.05,0.9045
718.06,0.9355
718.08,1.001
718.1,1.07
718.11,1.106
718.13,1.182
718.14,1.222
718.16,1.304
718.18,1.391
718.19,1.436
718.21,1.529
718.23,1.627
718.24,1.678
718.26,1.782
718.28,1.89
718.29,1.946
718.31,2.061
718.33,2.179
718.34,2.24
718.36,2.364
718.38,2.491
718.39,2.556
718.41,2.687
718.43,2.821
718.44,2.888
718.46,3.025
718.47,3.094
718.49,3.233
718.51,3.373
718.52,3.443
718.54,3.583
718.56,3.722
718.57,3.792
718.59,3.93
718.61,4.066
718.62,4.134
718.64,4.267
718.66,4.396
718.67,4.46
718.69,4.585
718.71,4.705
718.72,4.763
718.74,4.876
718.76,4.983
718.77,5.035
718.79,5.133
718.81,5.225
718.82,5.268
718.84,5.349
718.85,5.387
718.87,5.457
718.89,5.52
718.9,5.548
718.92,5.598
718.94,5.64
718.95,5.658
718.97,5.687
718.99,5.708
719.0,5.715
719.02,5.723
719.04,5.723
719.05,5.72
719.07,5.707
719.09,5.686
719.1,5.673
719.12,5.64
719.14,5.599
719.15,5.577
719.17,5.525
719.19,5.467
719.2,5.436
719.22,5.368
719.23,5.331
719.25,5.255
719.27,5.172
719.28,5.129
719.3,5.039
719.32,4.945
719.33,4.896
719.35,4.795
719.37,4.691
719.38,4.638
719.4,4.529
719.42,4.418
719.43,4.361
719.45,4.247
719.47,4.131
719.48,4.072
719.5,3.954
719.52,3.835
719.53,3.776
719.55,3.656
719.57,3.537
719.58,3.477
719.6,3.359
719.61,3.299
719.63,3.182
719.65,3.065
719.66,3.007
719.68,2.893
719.7,2.78
719.71,2.724
719.73,2.614
719.75,2.506
719.76,2.453
719.78,2.349
719.8,2.247
719.81,2.198
719.83,2.1
719.85,2.005
719.86,1.959
719.88,1.869
719.9,1.782
719.91,1.74
719.93,1.659
719.94,1.619
719.96,1.542
719.98,1.469
719.99,1.434
720.01,1.367
720.03,1.303
720.04,1.273
720.06,1.215
720.08,1.16
720.09,1.135
720.11,1.086
720.13,1.041
720.14,1.02
720.16,0.9815
720.18,0.9464
720.19,0.9303
720.21,0.901
720.23,0.8754
720.24,0.8639
720.26,0.8439
720.28,0.8274
720.29,0.8206
720.31,0.8094
720.32,0.8051
720.34,0.7991
720.36,0.7964
720.37,0.7962
720.39,0.7982
720.41,0.8031
720.42,0.8067
720.44,0.8159
720.46,0.8278
720.47,0.8347
720.49,0.8503
720.51,0.8681
720.52,0.8778
720.54,0.8987
720.56,0.9215
720.57,0.9335
720.59,0.9586
720.61,0.9851
720.62,0.9988
720.64,1.027
720.66,1.056
720.67,1.071
720.69,1.101
720.7,1.116
720.72,1.146
720.74,1.176
720.75,1.192
720.77,1.222
720.79,1.251
720.8,1.266
720.82,1.294
720.84,1.322
720.85,1.336
720.87,1.362
720.89,1.386
720.9,1.398
720.92,1.42
720.94,1.441
720.95,1.451
720.97,1.469
720.99,1.485
721.0,1.492
721.02,1.505
721.04,1.515
721.05,1.52
721.07,1.527
721.08,1.53
721.1,1.534
721.12,1.536
721.13,1.536
721.15,1.534
721.17,1.53
721.18,1.527
721.2,1.52
721.22,1.511
721.23,1.506
721.25,1.493
721.27,1.479
721.28,1.472
721.3,1.455
721.32,1.437
721.33,1.428
721.35,1.408
721.37,1.386
721.38,1.375
721.4,1.353
721.41,1.341
721.43,1.318
721.45,1.294
721.46,1.282
721.48,1.257
721.5,1.233
721.51,1.221
721.53,1.198
721.55,1.175
721.56,1.164
721.58,1.142
721.6,1.122
721.61,1.113
721.63,1.095
721.65,1.078
721.66,1.071
721.68,1.058
721.7,1.048
721.71,1.044
721.73,1.038
721.75,1.034
721.76,1.034
721.78,1.036
721.79,1.039
721.81,1.047
721.83,1.059
721.84,1.067
721.86,1.086
721.88,1.11
721.89,1.124
721.91,1.156
721.93,1.193
721.94,1.214
721.96,1.26
721.98,1.313
721.99,1.342
722.01,1.404
722.03,1.474
722.04,1.511
722.06,1.591
722.08,1.678
722.09,1.725
722.11,1.824
722.13,1.93
722.14,1.986
722.16,2.104
722.17,2.166
722.19,2.296
722.21,2.434
722.22,2.505
722.24,2.655
722.26,2.812
722.27,2.893
722.29,3.061
722.31,3.235
722.32,3.325
722.34,3.51
722.36,3.701
722.37,3.798
722.39,3.997
722.41,4.201
722.42,4.305
722.44,4.515
722.46,4.728
722.47,4.835
722.49,5.052
722.51,5.27
722.52,5.379
722.54,5.597
722.55,5.706
722.57,5.922
722.59,6.137
722.6,6.242
722.62,6.451
722.64,6.655
722.65,6.755
722.67,6.951
722.69,7.139
722.7,7.23
722.72,7.405
722.74,7.571
722.75,7.65
722.77,7.8
722.79,7.938
722.8,8.002
722.82,8.121
722.84,8.227
722.85,8.275
722.87,8.359
722.88,8.395
722.9,8.457
722.92,8.503
722.93,8.521
722.95,8.543
722.97,8.55
722.98,8.547
723.0,8.53
723.02,8.496
723.03,8.474
723.05,8.417
723.07,8.344
723.08,8.302
723.1,8.208
723.12,8.099
723.13,8.039
723.15,7.91
723.17,7.769
723.18,7.693
723.2,7.534
723.22,7.365
723.23,7.276
723.25,7.092
723.26,6.997
723.28,6.801
723.3,6.598
723.31,6.494
723.33,6.283
723.35,6.067
723.36,5.958
723.38,5.737
723.4,5.514
723.41,5.402
723.43,5.178
723.45,4.954
723.46,4.843
723.48,4.621
723.5,4.401
723.51,4.292
723.53,4.078
723.55,3.867
723.56,3.763
723.58,3.559
723.6,3.361
723.61,3.264
723.63,3.074
723.64,2.982
723.66,2.803
723.68,2.63
723.69,2.546
723.71,2.385
723.73,2.231
723.74,2.156
723.76,2.014
723.78,1.878
723.79,1.814
723.81,1.69
723.83,1.574
723.84,1.519
723.86,1.414
723.88,1.317
723.89,1.271
723.91,1.184
723.93,1.104
723.94,1.067
723.96,0.9971
723.98,0.9336
723.99,0.9041
724.01,0.8495
724.02,0.8244
724.04,0.7782
724.06,0.7373
724.07,0.7187
724.09,0.6852
724.11,0.6562
724.12,0.6433
724.14,0.6207
724.16,0.6019
724.17,0.5938
724.19,0.5804
724.21,0.5701
724.22,0.5661
724.24,0.5602
724.26,0.5569
724.27,0.5562
724.29,0.5564
724.31,0.5586
724.32,0.5604
724.34,0.5653
724.35,0.5683
724.37,0.5755
724.39,0.5839
724.4,0.5886
724.42,0.5986
724.44,0.6095
724.45,0.6153
724.47,0.6272
724.49,0.6397
724.5,0.6461
724.52,0.6592
724.54,0.6725
724.55,0.6792
724.57,0.6927
724.59,0.7063
724.6,0.713
724.62,0.7265
724.64,0.7397
724.65,0.7463
724.67,0.7593
724.69,0.7719
724.7,0.7781
724.72,0.7903
724.73,0.7962
724.75,0.8078
724.77,0.819
724.78,0.8244
724.8,0.8349
724.82,0.845
724.83,0.8499
724.85,0.8593
724.87,0.8683
724.88,0.8727
724.9,0.881
724.92,0.889
724.93,0.8928
724.95,0.9002
724.97,0.9072
724.98,0.9107
725.0,0.9173
725.02,0.9237
725.03,0.9269
725.05,0.9331
725.07,0.9392
725.08,0.9423
725.1,0.9484
725.11,0.9516
725.13,0.958
725.15,0.9648
725.16,0.9683
725.18,0.9758
725.2,0.9838
725.21,0.9882
725.23,0.9975
725.25,1.008
725.26,1.013
725.28,1.026
725.3,1.04
725.31,1.047
725.33,1.064
725.35,1.082
725.36,1.093
725.38,1.115
725.4,1.14
725.41,1.154
725.43,1.185
725.45,1.219
725.46,1.237
725.48,1.277
725.49,1.299
725.51,1.346
725.53,1.399
725.54,1.427
725.56,1.488
725.58,1.555
725.59,1.591
725.61,1.668
725.63,1.753
725.64,1.798
725.66,1.894
725.68,1.999
725.69,2.054
725.71,2.172
725.73,2.298
725.74,2.365
725.76,2.506
725.78,2.657
725.79,2.737
725.81,2.903
725.82,2.99
725.84,3.172
725.86,3.365
725.87,3.466
725.89,3.675
725.91,3.895
725.92,4.009
725.94,4.245
725.96,4.492
725.97,4.619
725.99,4.882
726.01,5.154
726.02,5.294
726.04,5.581
726.06,5.877
726.07,6.028
726.09,6.337
726.11,6.653
726.12,6.814
726.14,7.141
726.16,7.474
726.17,7.642
726.19,7.983
726.2,8.155
726.22,8.502
726.24,8.852
726.25,9.028
726.27,9.382
726.29,9.736
726.3,9.913
726.32,10.27
726.34,10.62
726.35,10.8
726.37,11.15
726.39,11.49
726.4,11.67
726.42,12.01
726.44,12.35
726.45,12.51
726.47,12.84
726.49,13.17
726.5,13.33
726.52,13.64
726.54,13.95
726.55,14.1
726.57,14.39
726.58,14.54
726.6,14.82
726.62,15.1
726.63,15.23
726.65,15.5
726.67,15.75
726.68,15.88
726.7,16.12
726.72,16.36
726.73,16.47
726.75,16.7
726.77,16.91
726.78,17.02
726.8,17.22
726.82,17.41
726.83,17.51
726.85,17.69
726.87,17.87
726.88,17.95
726.9,18.11
726.92,18.27
726.93,18.34
726.95,18.48
726.96,18.55
726.98,18.68
727.0,18.8
727.01,18.85
727.03,18.96
727.05,19.05
727.06,19.09
727.08,19.17
727.1,19.23
727.11,19.26
727.13,19.3
727.15,19.33
727.16,19.34
727.18,19.35
727.2,19.34
727.21,19.33
727.23,19.3
727.25,19.25
727.26,19.22
727.28,19.15
727.29,19.11
727.31,19.0
727.33,18.88
727.34,18.81
727.36,18.66
727.38,18.5
727.39,18.4
727.41,18.2
727.43,17.99
727.44,17.87
727.46,17.62
727.48,17.36
727.49,17.22
727.51,16.92
727.53,16.61
727.54,16.45
727.56,16.11
727.58,15.76
727.59,15.58
727.61,15.21
727.63,14.83
727.64,14.63
727.66,14.23
727.67,14.03
727.69,13.61
727.71,13.19
727.72,12.98
727.74,12.55
727.76,12.11
727.77,11.9
727.79,11.46
727.81,11.03
727.82,10.81
727.84,10.38
727.86,9.95
727.87,9.739
727.89,9.32
727.91,8.91
727.92,8.707
727.94,8.311
727.96,7.925
727.97,7.737
727.99,7.37
728.01,7.017
728.02,6.845
728.04,6.514
728.05,6.355
728.07,6.049
728.09,5.759
728.1,5.621
728.12,5.359
728.14,5.115
728.15,5.0
728.17,4.785
728.19,4.59
728.2,4.5
728.22,4.334
728.24,4.188
728.25,4.123
728.27,4.007
728.29,3.911
728.3,3.87
728.32,3.804
728.34,3.757
728.35,3.74
728.37,3.722
728.38,3.719
728.4,3.728
728.42,3.754
728.43,3.774
728.45,3.825
728.47,3.893
728.48,3.932
728.5,4.023
728.52,4.127
728.53,4.185
728.55,4.309
728.57,4.445
728.58,4.518
728.6,4.67
728.62,4.832
728.63,4.917
728.65,5.091
728.67,5.272
728.68,5.365
728.7,5.554
728.72,5.748
728.73,5.845
728.75,6.042
728.76,6.141
728.78,6.34
728.8,6.537
728.81,6.635
728.83,6.829
728.85,7.019
728.86,7.112
728.88,7.294
728.9,7.47
728.91,7.555
728.93,7.719
728.95,7.874
728.96,7.947
728.98,8.086
729.0,8.214
729.01,8.273
729.03,8.381
729.05,8.477
729.06,8.519
729.08,8.594
729.1,8.653
729.11,8.677
729.13,8.714
729.14,8.726
729.16,8.74
729.18,8.737
729.19,8.73
729.21,8.704
729.23,8.662
729.24,8.636
729.26,8.571
729.28,8.491
729.29,8.446
729.31,8.344
729.33,8.229
729.34,8.167
729.36,8.032
729.38,7.885
729.39,7.808
729.41,7.644
729.43,7.471
729.44,7.38
729.46,7.193
729.48,6.998
729.49,6.898
729.51,6.692
729.52,6.587
729.54,6.374
729.56,6.156
729.57,6.046
729.59,5.824
729.61,5.6
729.62,5.488
729.64,5.263
729.66,5.038
729.67,4.926
729.69,4.703
729.71,4.482
729.72,4.372
729.74,4.156
729.76,3.943
729.77,3.838
729.79,3.632
729.81,3.432
729.82,3.333
729.84,3.141
729.85,3.047
729.87,2.863
729.89,2.687
729.9,2.601
729.92,2.434
729.94,2.274
729.95,2.197
729.97,2.047
729.99,1.905
730.0,1.837
730.02,1.705
730.04,1.58
730.05,1.52
730.07,1.405
730.09,1.298
730.1,1.246
730.12,1.148
730.14,1.056
730.15,1.012
730.17,0.9288
730.19,0.8514
730.2,0.8147
730.22,0.7453
730.23,0.7125
730.25,0.6506
730.27,0.5934
730.28,0.5665
730.3,0.5159
730.32,0.4694
730.33,0.4475
730.35,0.4066
730.37,0.3692
730.38,0.3517
730.4,0.3191
730.42,0.2894
730.43,0.2756
730.45,0.2498
730.47,0.2265
730.48,0.2157
730.5,0.1957
730.52,0.1777
730.53,0.1694
730.55,0.154
730.57,0.1402
730.58,0.1339
730.6,0.1223
730.61,0.117
730.63,0.1073
730.65,0.09873
730.66,0.09483
730.68,0.08776
730.7,0.08158
730.71,0.07881
730.73,0.07384
730.75,0.06959
730.76,0.06771
730.78,0.06442
730.8,0.0617
730.81,0.06054
730.83,0.0586
730.85,0.05712
730.86,0.05654
730.88,0.05569
730.9,0.05523
730.91,0.05513
730.93,0.05519
730.95,0.05557
730.96,0.05587
730.98,0.0567
730.99,0.05722
731.01,0.05847
731.03,0.05998
731.04,0.06083
731.06,0.06271
731.08,0.06484
731.09,0.066
731.11,0.06849
731.13,0.07121
731.14,0.07266
731.16,0.07575
731.18,0.07908
731.19,0.08084
731.21,0.08454
731.23,0.08851
731.24,0.0906
731.26,0.09498
731.28,0.09966
731.29,0.1021
731.31,0.1073
731.32,0.11
731.34,0.1156
731.36,0.1217
731.37,0.1249
731.39,0.1316
731.41,0.1387
731.42,0.1424
731.44,0.1503
731.46,0.1587
731.47,0.1632
731.49,0.1725
731.51,0.1826
731.52,0.1878
731.54,0.199
731.56,0.211
731.57,0.2173
731.59,0.2306
731.61,0.245
731.62,0.2525
731.64,0.2685
731.66,0.2857
731.67,0.2948
731.69,0.314
731.7,0.3241
731.72,0.3455
731.74,0.3684
731.75,0.3806
731.77,0.4061
731.79,0.4336
731.8,0.4481
731.82,0.4786
731.84,0.5113
731.85,0.5285
731.87,0.5647
731.89,0.6034
731.9,0.6237
731.92,0.6664
731.94,0.7118
731.95,0.7357
731.97,0.7856
731.99,0.8386
732.0,0.8664
732.02,0.9243
732.04,0.9856
732.05,1.018
732.07,1.084
732.08,1.119
732.1,1.191
732.12,1.267
732.13,1.306
732.15,1.388
732.17,1.473
732.18,1.517
732.2,1.608
732.22,1.704
732.23,1.753
732.25,1.854
732.27,1.958
732.28,2.012
732.3,2.122
732.32,2.236
732.33,2.295
732.35,2.414
732.37,2.536
732.38,2.599
732.4,2.726
732.42,2.856
732.43,2.922
732.45,3.056
732.46,3.124
732.48,3.262
732.5,3.401
732.51,3.472
732.53,3.614
732.55,3.757
732.56,3.829
732.58,3.975
732.6,4.121
732.61,4.194
732.63,4.34
732.65,4.487
732.66,4.561
732.68,4.707
732.7,4.853
732.71,4.926
732.73,5.071
732.75,5.215
732.76,5.287
732.78,5.43
732.79,5.501
732.81,5.641
732.83,5.78
732.84,5.85
732.86,5.987
732.88,6.122
732.89,6.189
732.91,6.322
732.93,6.454
732.94,6.519
732.96,6.648
732.98,6.775
732.99,6.838
733.01,6.964
733.03,7.088
733.04,7.149
733.06,7.271
733.08,7.391
733.09,7.451
733.11,7.57
733.13,7.687
733.14,7.745
733.16,7.861
733.17,7.918
733.19,8.032
733.21,8.144
733.22,8.199
733.24,8.309
733.26,8.417
733.27,8.471
733.29,8.576
733.31,8.678
733.32,8.729
733.34,8.828
733.36,8.923
733.37,8.97
733.39,9.06
733.41,9.147
733.42,9.188
733.44,9.268
733.46,9.342
733.47,9.377
733.49,9.442
733.51,9.501
733.52,9.528
733.54,9.576
733.55,9.597
733.57,9.633
733.59,9.661
733.6,9.672
733.62,9.686
733.64,9.691
733.65,9.689
733.67,9.678
733.69,9.657
733.7,9.643
733.72,9.605
733.74,9.557
733.75,9.528
733.77,9.463
733.79,9.386
733.8,9.344
733.82,9.25
733.84,9.145
733.85,9.089
733.87,8.968
733.89,8.836
733.9,8.766
733.92,8.619
733.93,8.542
733.95,8.381
733.97,8.211
733.98,8.123
734.0,7.941
734.02,7.751
734.03,7.654
734.05,7.455
734.07,7.25
734.08,7.146
734.1,6.934
734.12,6.719
734.13,6.61
734.15,6.39
734.17,6.169
734.18,6.057
734.2,5.835
734.22,5.612
734.23,5.501
734.25,5.279
734.26,5.169
734.28,4.951
734.3,4.735
734.31,4.629
734.33,4.418
734.35,4.212
734.36,4.111
734.38,3.912
734.4,3.719
734.41,3.624
734.43,3.439
734.45,3.261
734.46,3.174
734.48,3.006
734.5,2.845
734.51,2.767
734.53,2.618
734.55,2.475
734.56,2.407
734.58,2.277
734.6,2.155
734.61,2.097
734.63,1.987
734.64,1.936
734.66,1.84
734.68,1.752
734.69,1.712
734.71,1.639
734.73,1.575
734.74,1.547
734.76,1.498
734.78,1.46
734.79,1.445
734.81,1.424
734.83,1.415
734.84,1.415
734.86,1.425
734.88,1.449
734.89,1.467
734.91,1.513
734.93,1.576
734.94,1.614
734.96,1.703
734.98,1.812
734.99,1.874
735.01,2.015
735.02,2.095
735.04,2.272
735.06,2.476
735.07,2.588
735.09,2.836
735.11,3.115
735.12,3.268
735.14,3.6
735.16,3.97
735.17,4.171
735.19,4.604
735.21,5.083
735.22,5.341
735.24,5.895
735.26,6.502
735.27,6.827
735.29,7.521
735.31,8.277
735.32,8.68
735.34,9.536
735.36,10.46
735.37,10.95
735.39,11.99
735.4,12.54
735.42,13.7
735.44,14.94
735.45,15.6
735.47,16.97
735.49,18.43
735.5,19.2
735.52,20.8
735.54,22.5
735.55,23.39
735.57,25.24
735.59,27.18
735.6,28.19
735.62,30.28
735.64,32.47
735.65,33.6
735.67,35.93
735.69,38.36
735.7,39.61
735.72,42.17
735.73,43.48
735.75,46.17
735.77,48.93
735.78,50.34
735.8,53.21
735.82,56.15
735.83,57.64
735.85,60.65
735.87,63.71
735.88,65.25
735.9,68.35
735.92,71.47
735.93,73.03
735.95,76.16
735.97,79.28
735.98,80.83
736.0,83.91
736.02,86.95
736.03,88.45
736.05,91.4
736.07,94.28
736.08,95.69
736.1,98.44
736.11,99.78
736.13,102.4
736.15,104.8
736.16,106.0
736.18,108.3
736.2,110.4
736.21,111.4
736.23,113.2
736.25,114.9
736.26,115.7
736.28,117.1
736.3,118.2
736.31,118.8
736.33,119.7
736.35,120.3
736.36,120.6
736.38,120.9
736.4,121.1
736.41,121.0
736.43,120.8
736.45,120.4
736.46,120.1
736.48,119.4
736.49,118.9
736.51,117.9
736.53,116.6
736.54,115.9
736.56,114.4
736.58,112.6
736.59,111.7
736.61,109.7
736.63,107.5
736.64,106.4
736.66,104.0
736.68,101.5
736.69,100.2
736.71,97.55
736.73,94.77
736.74,93.34
736.76,90.43
736.78,87.45
736.79,85.94
736.81,82.89
736.83,79.79
736.84,78.24
736.86,75.11
736.87,73.55
736.89,70.42
736.91,67.3
736.92,65.75
736.94,62.66
736.96,59.62
736.97,58.11
736.99,55.13
737.01,52.21
737.02,50.78
737.04,47.96
737.06,45.21
737.07,43.87
737.09,41.24
737.11,38.71
737.12,37.47
737.14,35.07
737.16,32.76
737.17,31.65
737.19,29.48
737.2,28.44
737.22,26.42
737.24,24.51
737.25,23.59
737.27,21.82
737.29,20.14
737.3,19.34
737.32,17.81
737.34,16.37
737.35,15.68
737.37,14.37
737.39,13.15
737.4,12.57
737.42,11.47
737.44,10.45
737.45,9.968
737.47,9.057
737.49,8.214
737.5,7.818
737.52,7.073
737.54,6.388
737.55,6.068
737.57,5.467
737.58,5.187
737.6,4.663
737.62,4.186
737.63,3.965
737.65,3.553
737.67,3.18
737.68,3.008
737.7,2.689
737.72,2.403
737.73,2.272
737.75,2.03
737.77,1.815
737.78,1.716
737.8,1.537
737.82,1.379
737.83,1.308
737.85,1.179
737.87,1.068
737.88,1.018
737.9,0.9296
737.92,0.8551
737.93,0.8226
737.95,0.7666
737.96,0.7428
737.98,0.7031
738.0,0.673
738.01,0.6613
738.03,0.6443
738.05,0.635
738.06,0.6331
738.08,0.6345
738.1,0.6422
738.11,0.6483
738.13,0.6647
738.15,0.6863
738.16,0.699
738.18,0.7278
738.2,0.7609
738.21,0.7791
738.23,0.8182
738.25,0.861
738.26,0.8837
738.28,0.9314
738.29,0.9564
738.31,1.009
738.33,1.063
738.34,1.092
738.36,1.15
738.38,1.21
738.39,1.241
738.41,1.304
738.43,1.368
738.44,1.401
738.46,1.467
738.48,1.534
738.49,1.568
738.51,1.635
738.53,1.703
738.54,1.736
738.56,1.804
738.58,1.87
738.59,1.903
738.61,1.968
738.63,2.032
738.64,2.063
738.66,2.124
738.67,2.154
738.69,2.212
738.71,2.268
738.72,2.294
738.74,2.345
738.76,2.393
738.77,2.416
738.79,2.459
738.81,2.498
738.82,2.516
738.84,2.549
738.86,2.578
738.87,2.59
738.89,2.613
738.91,2.63
738.92,2.637
738.94,2.648
738.96,2.654
738.97,2.655
738.99,2.653
739.01,2.647
739.02,2.642
739.04,2.629
739.05,2.621
739.07,2.6
739.09,2.576
739.1,2.562
739.12,2.53
739.14,2.495
739.15,2.476
739.17,2.435
739.19,2.39
739.2,2.366
739.22,2.317
739.24,2.264
739.25,2.237
739.27,2.18
739.29,2.121
739.3,2.09
739.32,2.028
739.34,1.964
739.35,1.932
739.37,1.866
739.39,1.799
739.4,1.766
739.42,1.698
739.43,1.664
739.45,1.596
739.47,1.528
739.48,1.495
739.5,1.427
739.52,1.361
739.53,1.328
739.55,1.263
739.57,1.199
739.58,1.167
739.6,1.105
739.62,1.045
739.63,1.015
739.65,0.9574
739.67,0.9013
739.68,0.874
739.7,0.8209
739.72,0.7698
739.73,0.745
739.75,0.6971
739.76,0.6739
739.78,0.6291
739.8,0.5864
739.81,0.5659
739.83,0.5264
739.85,0.489
739.86,0.4711
739.88,0.4368
739.9,0.4046
739.91,0.3892
739.93,0.3598
739.95,0.3323
739.96,0.3193
739.98,0.2945
740.0,0.2714
740.01,0.2605
740.03,0.2398
740.05,0.2206
740.06,0.2116
740.08,0.1945
740.1,0.1788
740.11,0.1714
740.13,0.1575
740.14,0.151
740.16,0.1388
740.18,0.1276
740.19,0.1223
740.21,0.1125
740.23,0.1035
740.24,0.0993
740.26,0.09147
740.28,0.08432
740.29,0.08098
740.31,0.07476
740.33,0.06909
740.34,0.06644
740.36,0.06151
740.38,0.05701
740.39,0.05491
740.41,0.05099
740.43,0.04741
740.44,0.04574
740.46,0.0426
740.48,0.03974
740.49,0.03839
740.51,0.03587
740.52,0.03468
740.54,0.03245
740.56,0.03039
740.57,0.02942
740.59,0.02759
740.61,0.02589
740.62,0.02508
740.64,0.02355
740.66,0.02212
740.67,0.02145
740.69,0.02015
740.71,0.01894
740.72,0.01836
740.74,0.01726
740.76,0.01621
740.77,0.01572
740.79,0.01476
740.81,0.01387
740.82,0.01344
740.84,0.01261
740.86,0.01183
740.87,0.01146
740.89,0.01075
740.9,0.01041
740.92,0.009754
740.94,0.00914
740.95,0.008847
740.97,0.008288
740.99,0.007763
741.0,0.007513
741.02,0.007039
741.04,0.006596
741.05,0.006386
741.07,0.005989
741.09,0.005622
741.1,0.005448
741.12,0.005122
741.14,0.004823
741.15,0.004683
741.17,0.004422
741.19,0.004185
741.2,0.004076
741.22,0.003873
741.23,0.00378
741.25,0.003609
741.27,0.003458
741.28,0.00339
741.3,0.003267
741.32,0.003162
741.33,0.003116
741.35,0.003035
741.37,0.002969
741.38,0.002941
741.4,0.002896
741.42,0.002863
741.43,0.002851
741.45,0.002836
741.47,0.002831
741.48,0.002832
741.5,0.002841
741.52,0.002858
741.53,0.00287
741.55,0.002898
741.57,0.002933
741.58,0.002953
741.6,0.002996
741.61,0.00302
741.63,0.00307
741.65,0.003124
741.66,0.003152
741.68,0.003211
741.7,0.003273
741.71,0.003304
741.73,0.003368
741.75,0.003434
741.76,0.003467
741.78,0.003534
741.8,0.003601
741.81,0.003634
741.83,0.003701
741.85,0.003767
741.86,0.0038
741.88,0.003864
741.9,0.003927
741.91,0.003958
741.93,0.004019
741.95,0.004077
741.96,0.004105
741.98,0.00416
741.99,0.004186
742.01,0.004237
742.03,0.004284
742.04,0.004307
742.06,0.004349
742.08,0.004389
742.09,0.004407
742.11,0.00444
742.13,0.00447
742.14,0.004484
742.16,0.004508
742.18,0.004528
742.19,0.004536
742.21,0.00455
742.23,0.00456
742.24,0.004563
742.26,0.004567
742.28,0.004566
742.29,0.004565
742.31,0.004559
742.33,0.004549
742.34,0.004543
742.36,0.004529
742.37,0.004521
742.39,0.004502
742.41,0.004482
742.42,0.004471
742.44,0.004448
742.46,0.004424
742.47,0.004412
742.49,0.004388
742.51,0.004366
742.52,0.004355
742.54,0.004337
742.56,0.004322
742.57,0.004316
742.59,0.00431
742.61,0.004311
742.62,0.004314
742.64,0.004329
742.66,0.004357
742.67,0.004375
742.69,0.004424
742.7,0.004455
742.72,0.004531
742.74,0.004629
742.75,0.004687
742.77,0.004823
742.79,0.004989
742.8,0.005084
742.82,0.0053
742.84,0.005556
742.85,0.0057
742.87,0.006022
742.89,0.006395
742.9,0.006602
742.92,0.007059
742.94,0.007581
742.95,0.007867
742.97,0.008495
742.99,0.009201
743.0,0.009586
743.02,0.01042
743.04,0.01136
743.05,0.01186
743.07,0.01295
743.08,0.01354
743.1,0.0148
743.12,0.01619
743.13,0.01694
743.15,0.01854
743.17,0.02028
743.18,0.02121
743.2,0.0232
743.22,0.02535
743.23,0.02649
743.25,0.02892
743.27,0.03153
743.28,0.03292
743.3,0.03584
743.32,0.03898
743.33,0.04063
743.35,0.04411
743.37,0.04782
743.38,0.04977
743.4,0.05386
743.42,0.0582
743.43,0.06047
743.45,0.06522
743.46,0.06769
743.48,0.07286
743.5,0.07832
743.51,0.08116
743.53,0.08707
743.55,0.09329
743.56,0.09652
743.58,0.1032
743.6,0.1103
743.61,0.1139
743.63,0.1215
743.65,0.1294
743.66,0.1335
743.68,0.142
743.7,0.1509
743.71,0.1555
743.73,0.165
743.75,0.175
743.76,0.1802
743.78,0.1909
743.8,0.2021
743.81,0.208
743.83,0.2201
743.84,0.2264
743.86,0.2395
743.88,0.2532
743.89,0.2604
743.91,0.2754
743.93,0.2912
743.94,0.2995
743.96,0.3168
743.98,0.3352
743.99,0.3449
744.01,0.3651
744.03,0.3868
744.04,0.3981
744.06,0.4221
744.08,0.4477
744.09,0.4612
744.11,0.4897
744.13,0.5204
744.14,0.5365
744.16,0.5707
744.17,0.5887
744.19,0.6269
744.21,0.6679
744.22,0.6896
744.24,0.7354
744.26,0.7847
744.27,0.8107
744.29,0.8656
744.31,0.9246
744.32,0.9557
744.34,1.021
744.36,1.091
744.37,1.128
744.39,1.206
744.41,1.289
744.42,1.332
744.44,1.423
744.46,1.52
744.47,1.571
744.49,1.677
744.51,1.789
744.52,1.847
744.54,1.968
744.55,2.031
744.57,2.162
744.59,2.3
744.6,2.371
744.62,2.518
744.64,2.671
744.65,2.751
744.67,2.913
744.69,3.082
744.7,3.168
744.72,3.346
744.74,3.528
744.75,3.621
744.77,3.811
744.79,4.005
744.8,4.104
744.82,4.304
744.84,4.507
744.85,4.609
744.87,4.815
744.89,5.023
744.9,5.127
744.92,5.336
744.93,5.44
744.95,5.648
744.97,5.854
744.98,5.957
745.0,6.159
745.02,6.358
745.03,6.455
745.05,6.647
745.07,6.833
745.08,6.923
745.1,7.098
745.12,7.266
745.13,7.346
745.15,7.5
745.17,7.644
745.18,7.712
745.2,7.84
745.22,7.956
745.23,8.009
745.25,8.106
745.27,8.19
745.28,8.227
745.3,8.291
745.31,8.317
745.33,8.359
745.35,8.387
745.36,8.395
745.38,8.401
745.4,8.391
745.41,8.381
745.43,8.349
745.45,8.303
745.46,8.275
745.48,8.207
745.5,8.126
745.51,8.08
745.53,7.979
745.55,7.865
745.56,7.803
745.58,7.671
745.6,7.528
745.61,7.452
745.63,7.294
745.64,7.211
745.66,7.039
745.68,6.859
745.69,6.766
745.71,6.575
745.73,6.378
745.74,6.278
745.76,6.074
745.78,5.867
745.79,5.762
745.81,5.55
745.83,5.337
745.84,5.23
745.86,5.016
745.88,4.802
745.89,4.696
745.91,4.484
745.93,4.275
745.94,4.171
745.96,3.966
745.98,3.765
745.99,3.666
746.01,3.472
746.02,3.376
746.04,3.189
746.06,3.008
746.07,2.92
746.09,2.748
746.11,2.582
746.12,2.502
746.14,2.346
746.16,2.197
746.17,2.126
746.19,1.987
746.21,1.856
746.22,1.794
746.24,1.673
746.26,1.56
746.27,1.506
746.29,1.404
746.31,1.308
746.32,1.263
746.34,1.178
746.36,1.099
746.37,1.062
746.39,0.9929
746.4,0.9607
746.42,0.9008
746.44,0.8467
746.45,0.8218
746.47,0.7762
746.49,0.7359
746.5,0.7177
746.52,0.685
746.54,0.657
746.55,0.6447
746.57,0.6234
746.59,0.6063
746.6,0.5992
746.62,0.5879
746.64,0.5802
746.65,0.5776
746.67,0.5748
746.69,0.575
746.7,0.5761
746.72,0.5805
746.74,0.5872
746.75,0.5915
746.77,0.6015
746.78,0.6073
746.8,0.6202
746.82,0.6347
746.83,0.6425
746.85,0.6591
746.87,0.6768
746.88,0.686
746.9,0.705
746.92,0.7247
746.93,0.7348
746.95,0.7551
746.97,0.7757
746.98,0.786
747.0,0.8066
747.02,0.827
747.03,0.8371
747.05,0.8569
747.07,0.8762
747.08,0.8856
747.1,0.9037
747.11,0.9124
747.13,0.9292
747.15,0.9448
747.16,0.9522
747.18,0.9661
747.2,0.9786
747.21,0.9843
747.23,0.9946
747.25,1.003
747.26,1.007
747.28,1.014
747.3,1.018
747.31,1.02
747.33,1.022
747.35,1.022
747.36,1.022
747.38,1.02
747.4,1.016
747.41,1.013
747.43,1.006
747.45,0.9981
747.46,0.9933
747.48,0.9826
747.49,0.9766
747.51,0.9635
747.53,0.949
747.54,0.9411
747.56,0.9245
747.58,0.9066
747.59,0.8971
747.61,0.8774
747.63,0.8567
747.64,0.846
747.66,0.8238
747.68,0.8008
747.69,0.7891
747.71,0.7651
747.73,0.7406
747.74,0.7281
747.76,0.703
747.78,0.6775
747.79,0.6647
747.81,0.639
747.83,0.6132
747.84,0.6004
747.86,0.5747
747.87,0.5619
747.89,0.5365
747.91,0.5114
747.92,0.499
747.94,0.4745
747.96,0.4505
747.97,0.4386
747.99,0.4154
748.01,0.3927
748.02,0.3816
748.04,0.3599
748.06,0.339
748.07,0.3288
748.09,0.3089
748.11,0.2898
748.12,0.2805
748.14,0.2626
748.16,0.2454
748.17,0.2372
748.19,0.2212
748.2,0.2135
748.22,0.1988
748.24,0.1848
748.25,0.1781
748.27,0.1653
748.29,0.1533
748.3,0.1475
748.32,0.1365
748.34,0.1263
748.35,0.1214
748.37,0.1121
748.39,0.1035
748.4,0.09943
748.42,0.09173
748.44,0.0846
748.45,0.08124
748.47,0.07492
748.49,0.0691
748.5,0.06638
748.52,0.06127
748.54,0.05661
748.55,0.05443
748.57,0.05038
748.58,0.0485
748.6,0.045
748.62,0.04184
748.63,0.04039
748.65,0.0377
748.67,0.03531
748.68,0.03422
748.7,0.03222
748.72,0.03047
748.73,0.02968
748.75,0.02827
748.77,0.02705
748.78,0.02652
748.8,0.02559
748.82,0.02483
748.83,0.02452
748.85,0.024
748.87,0.02363
748.88,0.02349
748.9,0.02332
748.92,0.02328
748.93,0.0233
748.95,0.02343
748.96,0.02354
748.98,0.02383
749.0,0.02422
749.01,0.02445
749.03,0.02498
749.05,0.0256
749.06,0.02594
749.08,0.02668
749.1,0.02749
749.11,0.02793
749.13,0.02885
749.15,0.02983
749.16,0.03035
749.18,0.03143
749.2,0.03257
749.21,0.03316
749.23,0.03438
749.25,0.03565
749.26,0.03631
749.28,0.03765
749.3,0.03904
749.31,0.03975
749.33,0.04121
749.34,0.04195
749.36,0.04347
749.38,0.04504
749.39,0.04583
749.41,0.04747
749.43,0.04915
749.44,0.05002
749.46,0.05179
749.48,0.05363
749.49,0.05457
749.51,0.05652
749.53,0.05857
749.54,0.05963
749.56,0.06184
749.58,0.06419
749.59,0.06542
749.61,0.06801
749.63,0.0708
749.64,0.07227
749.66,0.07542
749.67,0.07709
749.69,0.08068
749.71,0.08461
749.72,0.08672
749.74,0.09128
749.76,0.09632
749.77,0.09905
749.79,0.1049
749.81,0.1115
749.82,0.1151
749.84,0.1228
749.86,0.1314
749.87,0.1361
749.89,0.1462
749.91,0.1575
749.92,0.1636
749.94,0.1768
749.96,0.1915
749.97,0.1995
749.99,0.2167
750.01,0.2357
750.02,0.246
750.04,0.2681
750.05,0.28
750.07,0.3056
750.09,0.3337
750.1,0.3488
750.12,0.3812
750.14,0.4165
750.15,0.4354
750.17,0.4757
750.19,0.5196
750.2,0.5429
750.22,0.5925
750.24,0.6462
750.25,0.6747
750.27,0.7349
750.29,0.7997
750.3,0.8339
750.32,0.9061
750.34,0.9833
750.35,1.024
750.37,1.109
750.39,1.2
750.4,1.247
750.42,1.346
750.43,1.398
750.45,1.506
750.47,1.619
750.48,1.678
750.5,1.801
750.52,1.929
750.53,1.996
750.55,2.133
750.57,2.276
750.58,2.35
750.6,2.501
750.62,2.658
750.63,2.739
750.65,2.903
750.67,3.072
750.68,3.158
750.7,3.334
750.72,3.513
750.73,3.604
750.75,3.788
750.77,3.975
750.78,4.069
750.8,4.258
750.81,4.354
750.83,4.545
750.85,4.736
750.86,4.831
750.88,5.021
750.9,5.21
750.91,5.303
750.93,5.488
750.95,5.67
750.96,5.759
750.98,5.934
751.0,6.103
751.01,6.186
751.03,6.346
751.05,6.499
751.06,6.572
751.08,6.713
751.1,6.845
751.11,6.907
751.13,7.024
751.14,7.079
751.16,7.18
751.18,7.27
751.19,7.31
751.21,7.383
751.23,7.443
751.24,7.468
751.26,7.509
751.28,7.537
751.29,7.546
751.31,7.554
751.33,7.549
751.34,7.541
751.36,7.517
751.38,7.479
751.39,7.455
751.41,7.398
751.43,7.329
751.44,7.29
751.46,7.203
751.48,7.104
751.49,7.051
751.51,6.936
751.52,6.875
751.54,6.746
751.56,6.607
751.57,6.535
751.59,6.384
751.61,6.225
751.62,6.144
751.64,5.976
751.66,5.802
751.67,5.713
751.69,5.533
751.71,5.349
751.72,5.256
751.74,5.068
751.76,4.878
751.77,4.783
751.79,4.592
751.81,4.4
751.82,4.305
751.84,4.115
751.86,3.927
751.87,3.834
751.89,3.649
751.9,3.557
751.92,3.377
751.94,3.2
751.95,3.114
751.97,2.943
751.99,2.777
752.0,2.696
752.02,2.538
752.04,2.385
752.05,2.31
752.07,2.165
752.09,2.026
752.1,1.958
752.12,1.828
752.14,1.703
752.15,1.643
752.17,1.527
752.19,1.417
752.2,1.364
752.22,1.263
752.24,1.167
752.25,1.122
752.27,1.034
752.28,0.9925
752.3,0.913
752.32,0.8386
752.33,0.8032
752.35,0.7361
752.37,0.6736
752.38,0.644
752.4,0.5881
752.42,0.5363
752.43,0.5119
752.45,0.4659
752.47,0.4235
752.48,0.4036
752.5,0.3662
752.52,0.3319
752.53,0.3159
752.55,0.2859
752.57,0.2585
752.58,0.2457
752.6,0.2219
752.61,0.2109
752.63,0.1903
752.65,0.1716
752.66,0.1629
752.68,0.1469
752.7,0.1324
752.71,0.1257
752.73,0.1133
752.75,0.1021
752.76,0.097
752.78,0.08752
752.8,0.07903
752.81,0.07512
752.83,0.06792
752.85,0.06149
752.86,0.05854
752.88,0.05311
752.9,0.04827
752.91,0.04604
752.93,0.04196
752.95,0.03832
752.96,0.03665
752.98,0.03358
752.99,0.03218
753.01,0.02959
753.03,0.02728
753.04,0.02622
753.06,0.02426
753.08,0.02251
753.09,0.0217
753.11,0.02021
753.13,0.01887
753.14,0.01824
753.16,0.01709
753.18,0.01605
753.19,0.01556
753.21,0.01465
753.23,0.01383
753.24,0.01344
753.26,0.01272
753.28,0.01205
753.29,0.01174
753.31,0.01115
753.33,0.01061
753.34,0.01035
753.36,0.009865
753.37,0.009636
753.39,0.009201
753.41,0.008797
753.42,0.008605
753.44,0.008242
753.46,0.007903
753.47,0.007742
753.49,0.007438
753.51,0.007155
753.52,0.007021
753.54,0.006767
753.56,0.006532
753.57,0.006421
753.59,0.006213
753.61,0.006022
753.62,0.005932
753.64,0.005765
753.66,0.005613
753.67,0.005543
753.69,0.005413
753.71,0.005299
753.72,0.005247
753.74,0.005153
753.75,0.005111
753.77,0.005038
753.79,0.004977
753.8,0.004952
753.82,0.004911
753.84,0.004882
753.85,0.004872
753.87,0.004861
753.89,0.004862
753.9,0.004867
753.92,0.004885
753.94,0.004913
753.95,0.004932
753.97,0.004976
753.99,0.005031
754.0,0.005062
754.02,0.005131
754.04,0.00521
754.05,0.005253
754.07,0.005346
754.08,0.005395
754.1,0.005501
754.12,0.005615
754.13,0.005675
754.15,0.005801
754.17,0.005934
754.18,0.006003
754.2,0.006147
754.22,0.006298
754.23,0.006376
754.25,0.006535
754.27,0.006701
754.28,0.006786
754.3,0.006959
754.32,0.007138
754.33,0.007228
754.35,0.007413
754.37,0.007601
754.38,0.007696
754.4,0.007888
754.42,0.008083
754.43,0.008181
754.45,0.008378
754.46,0.008477
754.48,0.008676
754.5,0.008874
754.51,0.008973
754.53,0.00917
754.55,0.009365
754.56,0.009462
754.58,0.009654
754.6,0.009842
754.61,0.009934
754.63,0.01012
754.65,0.01029
754.66,0.01038
754.68,0.01055
754.7,0.01071
754.71,0.01078
754.73,0.01093
754.75,0.01107
754.76,0.01114
754.78,0.01126
754.8,0.01137
754.81,0.01143
754.83,0.01152
754.84,0.01156
754.86,0.01164
754.88,0.01171
754.89,0.01173
754.91,0.01178
754.93,0.01181
754.94,0.01182
754.96,0.01182
754.98,0.01181
754.99,0.01181
755.01,0.01177
755.03,0.01173
755.04,0.0117
755.06,0.01163
755.08,0.01155
755.09,0.0115
755.11,0.01139
755.13,0.01127
755.14,0.01121
755.16,0.01106
755.18,0.01091
755.19,0.01083
755.21,0.01065
755.22,0.01056
755.24,0.01037
755.26,0.01016
755.27,0.01006
755.29,0.009841
755.31,0.009615
755.32,0.009499
755.34,0.009262
755.36,0.009018
755.37,0.008895
755.39,0.008644
755.41,0.008389
755.42,0.008261
755.44,0.008003
755.46,0.007744
755.47,0.007615
755.49,0.007357
755.51,0.007101
755.52,0.006974
755.54,0.006722
755.55,0.006598
755.57,0.006353
755.59,0.006115
755.6,0.005998
755.62,0.00577
755.64,0.00555
755.65,0.005443
755.67,0.005237
755.69,0.005041
755.7,0.004947
755.72,0.004768
755.74,0.004601
755.75,0.004522
755.77,0.004374
755.79,0.004239
755.8,0.004177
755.82,0.004063
755.84,0.003963
755.85,0.003919
755.87,0.003841
755.89,0.003779
755.9,0.003753
755.92,0.003714
755.93,0.0037
755.95,0.003684
755.97,0.003683
755.98,0.003688
756.0,0.00371
756.02,0.003747
756.03,0.003771
756.05,0.003831
756.07,0.003905
756.08,0.003948
756.1,0.004043
756.12,0.004152
756.13,0.004211
756.15,0.00434
756.17,0.00448
756.18,0.004555
756.2,0.004713
756.22,0.004882
756.23,0.00497
756.25,0.005154
756.27,0.005347
756.28,0.005446
756.3,0.005651
756.31,0.005755
756.33,0.00597
756.35,0.006189
756.36,0.006301
756.38,0.006527
756.4,0.006756
756.41,0.006871
756.43,0.007102
756.45,0.007334
756.46,0.00745
756.48,0.007681
756.5,0.00791
756.51,0.008023
756.53,0.008246
756.55,0.008465
756.56,0.008573
756.58,0.008782
756.6,0.008985
756.61,0.009084
756.63,0.009274
756.65,0.009455
756.66,0.009542
756.68,0.009707
756.69,0.009786
756.71,0.009934
756.73,0.01007
756.74,0.01013
756.76,0.01025
756.78,0.01035
756.79,0.0104
756.81,0.01048
756.83,0.01054
756.84,0.01057
756.86,0.01061
756.88,0.01064
756.89,0.01065
756.91,0.01065
756.93,0.01064
756.94,0.01063
756.96,0.0106
756.98,0.01055
756.99,0.01052
757.01,0.01044
757.02,0.0104
757.04,0.01031
757.06,0.01021
757.07,0.01015
757.09,0.01002
757.11,0.009883
757.12,0.00981
757.14,0.009654
757.16,0.009488
757.17,0.009402
757.19,0.009221
757.21,0.009032
757.22,0.008934
757.24,0.008733
757.26,0.008526
757.27,0.00842
757.29,0.008204
757.31,0.007983
757.32,0.007872
757.34,0.007646
757.36,0.007417
757.37,0.007302
757.39,0.007072
757.4,0.006956
757.42,0.006726
757.44,0.006496
757.45,0.006381
757.47,0.006154
757.49,0.005929
757.5,0.005818
757.52,0.005599
757.54,0.005385
757.55,0.00528
757.57,0.005073
757.59,0.004873
757.6,0.004776
757.62,0.004586
757.64,0.004404
757.65,0.004316
757.67,0.004146
757.69,0.003986
757.7,0.003909
757.72,0.003762
757.74,0.003626
757.75,0.003562
757.77,0.003441
757.78,0.003385
757.8,0.003281
757.82,0.003189
757.83,0.003147
757.85,0.003072
757.87,0.003009
757.88,0.002983
757.9,0.002939
757.92,0.002907
757.93,0.002896
757.95,0.002884
757.97,0.002885
757.98,0.00289
758.0,0.00291
758.02,0.002943
758.03,0.002964
758.05,0.003016
758.07,0.003081
758.08,0.003119
758.1,0.003203
758.12,0.003299
758.13,0.003352
758.15,0.003467
758.16,0.003528
758.18,0.00366
758.2,0.003804
758.21,0.00388
758.23,0.004039
758.25,0.004209
758.26,0.004297
758.28,0.004481
758.3,0.004674
758.31,0.004773
758.33,0.004978
758.35,0.005189
758.36,0.005298
758.38,0.005519
758.4,0.005746
758.41,0.005861
758.43,0.006094
758.45,0.006331
758.46,0.00645
758.48,0.006691
758.49,0.006812
758.51,0.007055
758.53,0.007298
758.54,0.00742
758.56,0.007663
758.58,0.007905
758.59,0.008026
758.61,0.008266
758.63,0.008504
758.64,0.008623
758.66,0.008859
758.68,0.009094
758.69,0.009211
758.71,0.009444
758.73,0.009678
758.74,0.009795
758.76,0.01003
758.78,0.01027
758.79,0.0104
758.81,0.01065
758.83,0.01091
758.84,0.01105
758.86,0.01133
758.87,0.01148
758.89,0.0118
758.91,0.01216
758.92,0.01235
758.94,0.01276
758.96,0.01322
758.97,0.01347
758.99,0.01403
759.01,0.01467
759.02,0.01502
759.04,0.0158
759.06,0.01669
759.07,0.01719
759.09,0.0183
759.11,0.01957
759.12,0.02028
759.14,0.02185
759.16,0.02365
759.17,0.02465
759.19,0.02686
759.21,0.0294
759.22,0.03079
759.24,0.03388
759.25,0.03558
759.27,0.03932
759.29,0.04357
759.3,0.0459
759.32,0.05102
759.34,0.05679
759.35,0.05994
759.37,0.06682
759.39,0.07455
759.4,0.07875
759.42,0.0879
759.44,0.09811
759.45,0.1036
759.47,0.1156
759.49,0.1289
759.5,0.1361
759.52,0.1516
759.54,0.1687
759.55,0.1779
759.57,0.1977
759.58,0.2083
759.6,0.2311
759.62,0.256
759.63,0.2693
759.65,0.2977
759.67,0.3287
759.68,0.3452
759.7,0.3803
759.72,0.4184
759.73,0.4386
759.75,0.4813
759.77,0.5275
759.78,0.5519
759.8,0.6033
759.82,0.6586
759.83,0.6876
759.85,0.7488
759.87,0.8141
759.88,0.8483
759.9,0.9201
759.92,0.9963
759.93,1.036
759.95,1.119
759.96,1.163
759.98,1.253
760.0,1.348
760.01,1.397
760.03,1.5
760.05,1.607
760.06,1.662
760.08,1.777
760.1,1.897
760.11,1.958
760.13,2.085
760.15,2.217
760.16,2.284
760.18,2.423
760.2,2.566
760.21,2.639
760.23,2.788
760.25,2.942
760.26,3.02
760.28,3.179
760.3,3.341
760.31,3.424
760.33,3.591
760.34,3.675
760.36,3.847
760.38,4.02
760.39,4.107
760.41,4.284
760.43,4.462
760.44,4.551
760.46,4.731
760.48,4.911
760.49,5.002
760.51,5.182
760.53,5.363
760.54,5.454
760.56,5.634
760.58,5.814
760.59,5.903
760.61,6.082
760.63,6.259
760.64,6.347
760.66,6.521
760.68,6.694
760.69,6.78
760.71,6.95
760.72,7.035
760.74,7.202
760.76,7.367
760.77,7.449
760.79,7.611
760.81,7.771
760.82,7.85
760.84,8.007
760.86,8.162
760.87,8.238
760.89,8.39
760.91,8.54
760.92,8.615
760.94,8.762
760.96,8.908
760.97,8.98
760.99,9.123
761.01,9.265
761.02,9.335
761.04,9.474
761.05,9.543
761.07,9.68
761.09,9.816
761.1,9.883
761.12,10.02
761.14,10.15
761.15,10.21
761.17,10.34
761.19,10.47
761.2,10.53
761.22,10.65
761.24,10.77
761.25,10.83
761.27,10.94
761.29,11.05
761.3,11.1
761.32,11.2
761.34,11.3
761.35,11.35
761.37,11.43
761.39,11.51
761.4,11.55
761.42,11.62
761.43,11.65
761.45,11.71
761.47,11.76
761.48,11.78
761.5,11.82
761.52,11.84
761.53,11.85
761.55,11.86
761.57,11.85
761.58,11.85
761.6,11.82
761.62,11.79
761.63,11.77
761.65,11.71
761.67,11.65
761.68,11.61
761.7,11.52
761.72,11.42
761.73,11.36
761.75,11.24
761.77,11.11
761.78,11.04
761.8,10.89
761.81,10.81
761.83,10.64
761.85,10.45
761.86,10.36
761.88,10.16
761.9,9.951
761.91,9.843
761.93,9.619
761.95,9.387
761.96,9.267
761.98,9.023
762.0,8.772
762.01,8.645
762.03,8.385
762.05,8.121
762.06,7.988
762.08,7.718
762.1,7.446
762.11,7.31
762.13,7.036
762.15,6.761
762.16,6.624
762.18,6.351
762.19,6.214
762.21,5.944
762.23,5.675
762.24,5.543
762.26,5.28
762.28,5.022
762.29,4.894
762.31,4.644
762.33,4.399
762.34,4.278
762.36,4.043
762.38,3.814
762.39,3.702
762.41,3.485
762.43,3.274
762.44,3.172
762.46,2.973
762.48,2.783
762.49,2.69
762.51,2.512
762.52,2.425
762.54,2.259
762.56,2.101
762.57,2.025
762.59,1.878
762.61,1.74
762.62,1.673
762.64,1.547
762.66,1.427
762.67,1.37
762.69,1.261
762.71,1.16
762.72,1.111
762.74,1.019
762.76,0.9338
762.77,0.8932
762.79,0.8166
762.81,0.7456
762.82,0.7121
762.84,0.6489
762.86,0.5907
762.87,0.5634
762.89,0.512
762.9,0.488
762.92,0.4429
762.94,0.4017
762.95,0.3825
762.97,0.3466
762.99,0.314
763.0,0.2988
763.02,0.2707
763.04,0.2453
763.05,0.2335
763.07,0.2118
763.09,0.1924
763.1,0.1834
763.12,0.167
763.14,0.1525
763.15,0.1459
763.17,0.1338
763.19,0.1233
763.2,0.1186
763.22,0.1101
763.24,0.1029
763.25,0.09971
763.27,0.09422
763.28,0.09187
763.3,0.08793
763.32,0.08496
763.33,0.08381
763.35,0.08219
763.37,0.08143
763.38,0.08135
763.4,0.08182
763.42,0.08308
763.43,0.084
763.45,0.08643
763.47,0.08964
763.48,0.09154
763.5,0.09593
763.52,0.1011
763.53,0.104
763.55,0.1104
763.57,0.1177
763.58,0.1217
763.6,0.1303
763.62,0.1398
763.63,0.1449
763.65,0.1559
763.66,0.1617
763.68,0.1743
763.7,0.1879
763.71,0.1951
763.73,0.2104
763.75,0.2268
763.76,0.2355
763.78,0.2538
763.8,0.2734
763.81,0.2837
763.83,0.3053
763.85,0.3283
763.86,0.3403
763.88,0.3654
763.9,0.392
763.91,0.4058
763.93,0.4345
763.95,0.4647
763.96,0.4804
763.98,0.5129
763.99,0.5297
764.01,0.5643
764.03,0.6005
764.04,0.6191
764.06,0.6574
764.08,0.6972
764.09,0.7175
764.11,0.7593
764.13,0.8023
764.14,0.8243
764.16,0.8692
764.18,0.9152
764.19,0.9386
764.21,0.9862
764.23,1.035
764.24,1.059
764.26,1.109
764.28,1.16
764.29,1.185
764.31,1.237
764.33,1.289
764.34,1.315
764.36,1.368
764.37,1.395
764.39,1.448
764.41,1.502
764.42,1.529
764.44,1.584
764.46,1.639
764.47,1.667
764.49,1.723
764.51,1.78
764.52,1.809
764.54,1.867
764.56,1.927
764.57,1.958
764.59,2.021
764.61,2.087
764.62,2.121
764.64,2.192
764.66,2.268
764.67,2.308
764.69,2.393
764.71,2.485
764.72,2.535
764.74,2.641
764.75,2.698
764.77,2.823
764.79,2.962
764.8,3.038
764.82,3.204
764.84,3.392
764.85,3.495
764.87,3.723
764.89,3.982
764.9,4.124
764.92,4.438
764.94,4.797
764.95,4.994
764.97,5.43
764.99,5.926
765.0,6.199
765.02,6.8
765.04,7.483
765.05,7.859
765.07,8.683
765.09,9.616
765.1,10.13
765.12,11.25
765.13,11.86
765.15,13.2
765.17,14.7
765.18,15.52
765.2,17.31
765.22,19.31
765.23,20.4
765.25,22.76
765.27,25.39
765.28,26.81
765.3,29.89
765.32,33.31
765.33,35.15
765.35,39.13
765.37,43.51
765.38,45.87
765.4,50.93
765.42,56.49
765.43,59.47
765.45,65.85
765.46,69.26
765.48,76.54
765.5,84.48
765.51,88.71
765.53,97.7
765.55,107.5
765.56,112.6
765.58,123.6
765.6,135.5
765.61,141.7
765.63,155.0
765.65,169.2
765.66,176.7
765.68,192.4
765.7,209.2
765.71,218.1
765.73,236.6
765.75,256.2
765.76,266.5
765.78,288.0
765.8,310.7
765.81,322.5
765.83,347.1
765.84,359.8
765.86,386.3
765.88,414.0
765.89,428.4
765.91,458.0
765.93,488.9
765.94,504.8
765.96,537.5
765.98,571.3
765.99,588.7
766.01,624.3
766.03,660.9
766.04,679.5
766.06,717.6
766.08,756.5
766.09,776.2
766.11,816.3
766.13,857.0
766.14,877.6
766.16,919.0
766.18,960.8
766.19,981.8
766.21,1024.0
766.22,1045.0
766.24,1087.0
766.26,1129.0
766.27,1150.0
766.29,1191.0
766.31,1232.0
766.32,1252.0
766.34,1291.0
766.36,1330.0
766.37,1348.0
766.39,1385.0
766.41,1421.0
766.42,1438.0
766.44,1471.0
766.46,1502.0
766.47,1517.0
766.49,1545.0
766.51,1571.0
766.52,1583.0
766.54,1606.0
766.56,1626.0
766.57,1636.0
766.59,1652.0
766.6,1660.0
766.62,1672.0
766.64,1682.0
766.65,1686.0
766.67,1691.0
766.69,1694.0
766.7,1695.0
766.72,1693.0
766.74,1689.0
766.75,1686.0
766.77,1677.0
766.79,1666.0
766.8,1659.0
766.82,1644.0
766.84,1626.0
766.85,1616.0
766.87,1594.0
766.89,1570.0
766.9,1558.0
766.92,1530.0
766.93,1516.0
766.95,1486.0
766.97,1454.0
766.98,1437.0
767.0,1402.0
767.02,1366.0
767.03,1348.0
767.05,1310.0
767.07,1271.0
767.08,1251.0
767.1,1211.0
767.12,1171.0
767.13,1150.0
767.15,1109.0
767.17,1067.0
767.18,1046.0
767.2,1004.0
767.22,962.9
767.23,942.2
767.25,901.0
767.27,860.3
767.28,840.2
767.3,800.4
767.31,780.8
767.33,742.2
767.35,704.5
767.36,685.9
767.38,649.7
767.4,614.4
767.41,597.3
767.43,563.8
767.45,531.5
767.46,515.8
767.48,485.3
767.5,456.2
767.51,442.1
767.53,414.9
767.55,389.0
767.56,376.6
767.58,352.7
767.6,330.1
767.61,319.2
767.63,298.5
767.65,279.1
767.66,269.8
767.68,252.1
767.69,243.8
767.71,227.8
767.73,213.0
767.74,206.0
767.76,192.8
767.78,180.6
767.79,174.8
767.81,164.0
767.83,154.1
767.84,149.4
767.86,140.7
767.88,132.7
767.89,129.0
767.91,122.1
767.93,115.8
767.94,112.9
767.96,107.5
767.98,102.5
767.99,100.3
768.01,96.07
768.02,94.12
768.04,90.52
768.06,87.27
768.07,85.77
768.09,82.99
768.11,80.48
768.12,79.32
768.14,77.16
768.16,75.2
768.17,74.28
768.19,72.57
768.21,70.99
768.22,70.25
768.24,68.84
768.26,67.52
768.27,66.9
768.29,65.69
768.31,64.55
768.32,63.99
768.34,62.92
768.36,61.89
768.37,61.38
768.39,60.4
768.4,59.92
768.42,58.98
768.44,58.06
768.45,57.62
768.47,56.75
768.49,55.92
768.5,55.52
768.52,54.76
768.54,54.04
768.55,53.7
768.57,53.08
768.59,52.53
768.6,52.29
768.62,51.87
768.64,51.56
768.65,51.45
768.67,51.32
768.69,51.34
768.7,51.4
768.72,51.66
768.74,52.1
768.75,52.39
768.77,53.14
768.78,53.6
768.8,54.7
768.82,56.07
768.83,56.85
768.85,58.65
768.87,60.76
768.88,61.94
768.9,64.56
768.92,67.55
768.93,69.19
768.95,72.78
768.97,76.8
768.98,78.97
769.0,83.67
769.02,88.85
769.03,91.63
769.05,97.58
769.07,104.1
769.08,107.5
769.1,114.8
769.12,122.7
769.13,126.9
769.15,135.7
769.16,140.3
769.18,150.1
769.2,160.5
769.21,165.9
769.23,177.2
769.25,189.2
769.26,195.5
769.28,208.5
769.3,222.1
769.31,229.2
769.33,243.8
769.35,259.1
769.36,266.9
769.38,283.1
769.4,299.8
769.41,308.4
769.43,326.0
769.45,344.1
769.46,353.4
769.48,372.2
769.49,381.7
769.51,401.2
769.53,420.9
769.54,430.9
769.56,451.1
769.58,471.5
769.59,481.8
769.61,502.4
769.63,523.1
769.64,533.4
769.66,554.0
769.68,574.4
769.69,584.6
769.71,604.7
769.73,624.5
769.74,634.3
769.76,653.4
769.78,672.0
769.79,681.1
769.81,698.8
769.83,715.8
769.84,724.0
769.86,739.8
769.87,747.3
769.89,761.7
769.91,775.1
769.92,781.4
769.94,793.1
769.96,803.7
769.97,808.6
769.99,817.3
770.01,824.8
770.02,828.1
770.04,833.6
770.06,837.7
770.07,839.3
770.09,841.4
770.11,842.0
770.12,841.9
770.14,840.4
770.16,837.6
770.17,835.7
770.19,830.8
770.21,824.6
770.22,821.0
770.24,812.9
770.25,808.3
770.27,798.3
770.29,787.0
770.3,781.0
770.32,768.1
770.34,754.2
770.35,746.8
770.37,731.4
770.39,715.2
770.4,706.7
770.42,689.3
770.44,671.2
770.45,661.9
770.47,642.9
770.49,623.4
770.5,613.5
770.52,593.4
770.54,573.1
770.55,562.8
770.57,542.1
770.59,521.4
770.6,510.9
770.62,490.1
770.63,479.8
770.65,459.1
770.67,438.6
770.68,428.4
770.7,408.3
770.72,388.4
770.73,378.6
770.75,359.3
770.77,340.5
770.78,331.2
770.8,313.0
770.82,295.4
770.83,286.7
770.85,269.9
770.87,253.6
770.88,245.7
770.9,230.3
770.92,215.6
770.93,208.4
770.95,194.6
770.96,187.9
770.98,175.0
771.0,162.7
771.01,156.8
771.03,145.4
771.05,134.7
771.06,129.5
771.08,119.7
771.1,110.4
771.11,105.9
771.13,97.49
771.15,89.56
771.16,85.79
771.18,78.63
771.2,71.95
771.21,68.79
771.23,62.8
771.25,57.25
771.26,54.62
771.28,49.67
771.3,45.11
771.31,42.96
771.33,38.92
771.34,37.02
771.36,33.46
771.38,30.2
771.39,28.68
771.41,25.83
771.43,23.23
771.44,22.01
771.46,19.75
771.48,17.7
771.49,16.75
771.51,14.98
771.53,13.38
771.54,12.63
771.56,11.26
771.58,10.02
771.59,9.452
771.61,8.398
771.63,7.452
771.64,7.017
771.66,6.216
771.68,5.5
771.69,5.172
771.71,4.569
771.72,4.293
771.74,3.787
771.76,3.337
771.77,3.132
771.79,2.756
771.81,2.424
771.82,2.272
771.84,1.996
771.86,1.752
771.87,1.641
771.89,1.44
771.91,1.262
771.92,1.182
771.94,1.035
771.96,0.9068
771.97,0.8487
771.99,0.7432
772.01,0.6509
772.02,0.6091
772.04,0.5335
772.06,0.4674
772.07,0.4376
772.09,0.3836
772.1,0.3593
772.12,0.3153
772.14,0.277
772.15,0.2597
772.17,0.2286
772.19,0.2015
772.2,0.1894
772.22,0.1675
772.24,0.1486
772.25,0.1401
772.27,0.125
772.29,0.112
772.3,0.1062
772.32,0.09607
772.34,0.08753
772.35,0.08382
772.37,0.07746
772.39,0.07241
772.4,0.07034
772.42,0.0671
772.43,0.0659
772.45,0.06435
772.47,0.0639
772.48,0.06409
772.5,0.06531
772.52,0.06766
772.53,0.06928
772.55,0.07346
772.57,0.07896
772.58,0.08223
772.6,0.0899
772.62,0.0992
772.63,0.1045
772.65,0.1166
772.67,0.1307
772.68,0.1387
772.7,0.1564
772.72,0.1769
772.73,0.1883
772.75,0.2136
772.77,0.2426
772.78,0.2585
772.8,0.2938
772.81,0.3131
772.83,0.3558
772.85,0.4042
772.86,0.4307
772.88,0.4887
772.9,0.5542
772.91,0.59
772.93,0.6681
772.95,0.7558
772.96,0.8035
772.98,0.9074
773.0,1.023
773.01,1.086
773.03,1.223
773.05,1.375
773.06,1.457
773.08,1.635
773.1,1.831
773.11,1.937
773.13,2.166
773.15,2.418
773.16,2.553
773.18,2.843
773.19,2.999
773.21,3.332
773.23,3.697
773.24,3.892
773.26,4.308
773.28,4.762
773.29,5.003
773.31,5.516
773.33,6.073
773.34,6.368
773.36,6.993
773.38,7.668
773.39,8.024
773.41,8.777
773.43,9.586
773.44,10.01
773.46,10.91
773.48,11.86
773.49,12.36
773.51,13.42
773.53,14.53
773.54,15.12
773.56,16.34
773.57,16.97
773.59,18.29
773.61,19.69
773.62,20.41
773.64,21.91
773.66,23.49
773.67,24.3
773.69,25.98
773.71,27.74
773.72,28.64
773.74,30.49
773.76,32.42
773.77,33.4
773.79,35.42
773.81,37.5
773.82,38.56
773.84,40.72
773.86,42.93
773.87,44.06
773.89,46.34
773.9,47.49
773.92,49.82
773.94,52.18
773.95,53.37
773.97,55.76
773.99,58.17
774.0,59.37
774.02,61.77
774.04,64.17
774.05,65.36
774.07,67.72
774.09,70.06
774.1,71.21
774.12,73.49
774.14,75.71
774.15,76.8
774.17,78.92
774.19,80.97
774.2,81.97
774.22,83.89
774.24,85.71
774.25,86.58
774.27,88.25
774.28,89.04
774.3,90.52
774.32,91.88
774.33,92.51
774.35,93.66
774.37,94.68
774.38,95.13
774.4,95.92
774.42,96.55
774.43,96.81
774.45,97.22
774.47,97.46
774.48,97.52
774.5,97.52
774.52,97.36
774.53,97.22
774.55,96.81
774.57,96.26
774.58,95.92
774.6,95.13
774.62,94.19
774.63,93.66
774.65,92.51
774.66,91.88
774.68,90.52
774.7,89.04
774.71,88.25
774.73,86.58
774.75,84.81
774.76,83.89
774.78,81.97
774.8,79.96
774.81,78.92
774.83,76.8
774.85,74.61
774.86,73.49
774.88,71.21
774.9,68.9
774.91,67.72
774.93,65.36
774.95,62.97
774.96,61.77
774.98,59.36
775.0,56.96
775.01,55.76
775.03,53.37
775.04,52.18
775.06,49.82
775.08,47.48
775.09,46.33
775.11,44.05
775.13,41.81
775.14,40.71
775.16,38.55
775.18,36.44
775.19,35.41
775.21,33.39
775.23,31.43
775.24,30.48
775.26,28.62
775.28,26.84
775.29,25.97
775.31,24.29
775.33,22.68
775.34,21.9
775.36,20.39
775.37,19.67
775.39,18.28
775.41,16.95
775.42,16.32
775.44,15.1
775.46,13.94
775.47,13.39
775.49,12.34
775.51,11.35
775.52,10.88
775.54,9.988
775.56,9.151
775.57,8.754
775.59,8.0
775.61,7.3
775.62,6.969
775.64,6.343
775.66,5.764
775.67,5.492
775.69,4.979
775.71,4.506
775.72,4.284
775.74,3.868
775.75,3.673
775.77,3.309
775.79,2.975
775.8,2.82
775.82,2.53
775.84,2.266
775.85,2.143
775.87,1.915
775.89,1.709
775.9,1.613
775.92,1.436
775.94,1.276
775.95,1.203
775.97,1.067
775.99,0.9445
776.0,0.8883
776.02,0.7849
776.04,0.6925
776.05,0.6502
776.07,0.5725
776.09,0.5034
776.1,0.4719
776.12,0.4141
776.13,0.3878
776.15,0.3398
776.17,0.2973
776.18,0.278
776.2,0.243
776.22,0.2121
776.23,0.1981
776.25,0.1728
776.27,0.1506
776.28,0.1405
776.3,0.1224
776.32,0.1066
776.33,0.09945
776.35,0.08661
776.37,0.07546
776.38,0.07045
776.4,0.06145
776.42,0.05366
776.43,0.05017
776.45,0.04393
776.47,0.03854
776.48,0.03614
776.5,0.03185
776.51,0.02993
776.53,0.02652
776.55,0.0236
776.56,0.0223
776.58,0.01999
776.6,0.01803
776.61,0.01715
776.63,0.01561
776.65,0.0143
776.66,0.01372
776.68,0.0127
776.7,0.01183
776.71,0.01145
776.73,0.01079
776.75,0.01023
776.76,0.009982
776.78,0.009554
776.8,0.009199
776.81,0.009044
776.83,0.008778
776.84,0.008663
776.86,0.008465
776.88,0.008306
776.89,0.008239
776.91,0.008127
776.93,0.008041
776.94,0.008006
776.96,0.007952
776.98,0.007916
776.99,0.007905
777.01,0.007893
777.03,0.007894
777.04,0.0079
777.06,0.00792
777.08,0.007952
777.09,0.007972
777.11,0.00802
777.13,0.008079
777.14,0.008113
777.16,0.008188
777.18,0.008275
777.19,0.008323
777.21,0.008428
777.22,0.008485
777.24,0.008608
777.26,0.008745
777.27,0.008819
777.29,0.008977
777.31,0.00915
777.32,0.009243
777.34,0.00944
777.36,0.009655
777.37,0.009769
777.39,0.01001
777.41,0.01027
777.42,0.01041
777.44,0.0107
777.46,0.01101
777.47,0.01117
777.49,0.01151
777.51,0.01187
777.52,0.01206
777.54,0.01245
777.56,0.01287
777.57,0.01308
777.59,0.01353
777.6,0.01376
777.62,0.01424
777.64,0.01474
777.65,0.015
777.67,0.01552
777.69,0.01607
777.7,0.01635
777.72,0.01693
777.74,0.01752
777.75,0.01782
777.77,0.01843
777.79,0.01905
777.8,0.01937
777.82,0.02001
777.84,0.02066
777.85,0.02099
777.87,0.02165
777.89,0.02232
777.9,0.02265
777.92,0.02332
777.93,0.02365
777.95,0.02432
777.97,0.02498
777.98,0.02531
778.0,0.02596
778.02,0.02661
778.03,0.02692
778.05,0.02755
778.07,0.02816
778.08,0.02846
778.1,0.02904
778.12,0.02961
778.13,0.02988
778.15,0.03042
778.17,0.03093
778.18,0.03117
778.2,0.03164
778.22,0.03208
778.23,0.03229
778.25,0.03269
778.27,0.03306
778.28,0.03323
778.3,0.03355
778.31,0.0337
778.33,0.03397
778.35,0.03421
778.36,0.03432
778.38,0.0345
778.4,0.03466
778.41,0.03472
778.43,0.03483
778.45,0.0349
778.46,0.03492
778.48,0.03494
778.5,0.03494
778.51,0.03492
778.53,0.03486
778.55,0.03478
778.56,0.03472
778.58,0.0346
778.6,0.03444
778.61,0.03435
778.63,0.03416
778.65,0.03394
778.66,0.03382
778.68,0.03357
778.69,0.03344
778.71,0.03315
778.73,0.03285
778.74,0.03269
778.76,0.03236
778.78,0.03202
778.79,0.03184
778.81,0.03147
778.83,0.03109
778.84,0.03089
778.86,0.03049
778.88,0.03008
778.89,0.02987
778.91,0.02944
778.93,0.029
778.94,0.02878
778.96,0.02833
778.98,0.02788
778.99,0.02765
779.01,0.02719
779.03,0.02672
779.04,0.02648
779.06,0.02601
779.07,0.02577
779.09,0.02529
779.11,0.02481
779.12,0.02457
779.14,0.02408
779.16,0.0236
779.17,0.02336
779.19,0.02288
779.21,0.0224
779.22,0.02216
779.24,0.02169
779.26,0.02123
779.27,0.021
779.29,0.02055
779.31,0.02011
779.32,0.01989
779.34,0.01947
779.36,0.01907
779.37,0.01887
779.39,0.0185
779.4,0.01832
779.42,0.01799
779.44,0.01768
779.45,0.01754
779.47,0.01729
779.49,0.01708
779.5,0.01699
779.52,0.01685
779.54,0.01676
779.55,0.01674
779.57,0.01675
779.59,0.01683
779.6,0.0169
779.62,0.01711
779.64,0.0174
779.65,0.01759
779.67,0.01804
779.69,0.01861
779.7,0.01894
779.72,0.01971
779.74,0.02063
779.75,0.02114
779.77,0.0223
779.78,0.02294
779.8,0.02438
779.82,0.02601
779.83,0.02691
779.85,0.02888
779.87,0.03109
779.88,0.0323
779.9,0.03491
779.92,0.03781
779.93,0.03937
779.95,0.04275
779.97,0.04646
779.98,0.04844
780.0,0.0527
780.02,0.05735
780.03,0.05982
780.05,0.06509
780.07,0.07081
780.08,0.07384
780.1,0.08025
780.12,0.08716
780.13,0.09081
780.15,0.0985
780.16,0.1026
780.18,0.1111
780.2,0.1201
780.21,0.1249
780.23,0.1349
780.25,0.1454
780.26,0.151
780.28,0.1625
780.3,0.1746
780.31,0.1809
780.33,0.194
780.35,0.2077
780.36,0.2148
780.38,0.2295
780.4,0.2448
780.41,0.2527
780.43,0.2689
780.45,0.2857
780.46,0.2943
780.48,0.312
780.5,0.3303
780.51,0.3396
780.53,0.3586
780.54,0.3682
780.56,0.3879
780.58,0.4079
780.59,0.4181
780.61,0.4387
780.63,0.4595
780.64,0.47
780.66,0.4912
780.68,0.5125
780.69,0.5231
780.71,0.5445
780.73,0.5658
780.74,0.5764
780.76,0.5976
780.78,0.6185
780.79,0.6288
780.81,0.6493
780.83,0.6693
780.84,0.6792
780.86,0.6985
780.87,0.7079
780.89,0.7262
780.91,0.7439
780.92,0.7524
780.94,0.7689
780.96,0.7844
780.97,0.7919
780.99,0.806
781.01,0.819
781.02,0.8251
781.04,0.8365
781.06,0.8467
781.07,0.8514
781.09,0.8597
781.11,0.8668
781.12,0.8699
781.14,0.875
781.16,0.8788
781.17,0.8801
781.19,0.8819
781.21,0.8823
781.22,0.882
781.24,0.8804
781.25,0.8791
781.27,0.8755
781.29,0.8706
781.3,0.8677
781.32,0.861
781.34,0.8531
781.35,0.8487
781.37,0.839
781.39,0.8283
781.4,0.8226
781.42,0.8105
781.44,0.7975
781.45,0.7906
781.47,0.7764
781.49,0.7616
781.5,0.7539
781.52,0.7382
781.54,0.7221
781.55,0.7139
781.57,0.6973
781.59,0.6806
781.6,0.6723
781.62,0.6556
781.63,0.6473
781.65,0.6309
781.67,0.6149
781.68,0.6071
781.7,0.592
781.72,0.5777
781.73,0.5709
781.75,0.5582
781.77,0.5468
781.78,0.5416
781.8,0.5325
781.82,0.5253
781.83,0.5226
781.85,0.5188
781.87,0.5177
781.88,0.5182
781.9,0.5218
781.92,0.529
781.93,0.5341
781.95,0.5476
781.97,0.566
781.98,0.5773
782.0,0.6041
782.01,0.6199
782.03,0.6568
782.05,0.7013
782.06,0.7266
782.08,0.7843
782.1,0.8519
782.11,0.8898
782.13,0.9746
782.15,1.072
782.16,1.127
782.18,1.247
782.2,1.383
782.21,1.458
782.23,1.623
782.25,1.81
782.26,1.911
782.28,2.134
782.3,2.383
782.31,2.518
782.33,2.812
782.34,2.971
782.36,3.317
782.38,3.7
782.39,3.907
782.41,4.353
782.43,4.846
782.44,5.111
782.46,5.68
782.48,6.305
782.49,6.64
782.51,7.356
782.53,8.139
782.54,8.557
782.56,9.448
782.58,10.42
782.59,10.93
782.61,12.03
782.63,13.21
782.64,13.84
782.66,15.17
782.68,16.6
782.69,17.35
782.71,18.95
782.72,19.79
782.74,21.55
782.76,23.44
782.77,24.43
782.79,26.5
782.81,28.71
782.82,29.86
782.84,32.27
782.86,34.82
782.87,36.15
782.89,38.91
782.91,41.82
782.92,43.32
782.94,46.45
782.96,49.72
782.97,51.41
782.99,54.9
783.01,58.53
783.02,60.39
783.04,64.23
783.06,68.21
783.07,70.24
783.09,74.41
783.1,76.54
783.12,80.89
783.14,85.34
783.15,87.61
783.17,92.21
783.19,96.9
783.2,99.28
783.22,104.1
783.24,108.9
783.25,111.4
783.27,116.3
783.29,121.2
783.3,123.7
783.32,128.6
783.34,133.6
783.35,136.0
783.37,140.9
783.39,145.7
783.4,148.1
783.42,152.8
783.44,157.3
783.45,159.6
783.47,164.0
783.48,166.1
783.5,170.3
783.52,174.3
783.53,176.2
783.55,179.9
783.57,183.4
783.58,185.0
783.6,188.1
783.62,191.0
783.63,192.3
783.65,194.8
783.67,197.0
783.68,197.9
783.7,199.7
783.72,201.1
783.73,201.7
783.75,202.6
783.77,203.2
783.78,203.4
783.8,203.6
783.81,203.5
783.83,203.2
783.85,202.5
783.86,202.0
783.88,200.9
783.9,199.4
783.91,198.6
783.93,196.6
783.95,194.4
783.96,193.2
783.98,190.6
784.0,187.7
784.01,186.1
784.03,182.9
784.05,179.4
784.06,177.5
784.08,173.7
784.1,169.7
784.11,167.7
784.13,163.4
784.15,159.0
784.16,156.8
784.18,152.2
784.19,149.9
784.21,145.2
784.23,140.4
784.24,138.0
784.26,133.1
784.28,128.2
784.29,125.7
784.31,120.8
784.33,115.9
784.34,113.5
784.36,108.6
784.38,103.8
784.39,101.5
784.41,96.76
784.43,92.14
784.44,89.86
784.46,85.37
784.48,80.99
784.49,78.84
784.51,74.63
784.53,70.54
784.54,68.54
784.56,64.65
784.57,62.76
784.59,59.07
784.61,55.53
784.62,53.81
784.64,50.48
784.66,47.3
784.67,45.76
784.69,42.8
784.71,39.98
784.72,38.62
784.74,36.01
784.76,33.55
784.77,32.37
784.79,30.11
784.81,27.98
784.82,26.97
784.84,25.03
784.86,23.21
784.87,22.35
784.89,20.71
784.91,19.18
784.92,18.46
784.94,17.09
784.95,16.44
784.97,15.21
784.99,14.07
785.0,13.54
785.02,12.53
785.04,11.59
785.05,11.16
785.07,10.33
785.09,9.573
785.1,9.217
785.12,8.549
785.14,7.936
785.15,7.649
785.17,7.111
785.19,6.618
785.2,6.387
785.22,5.955
785.24,5.559
785.25,5.374
785.27,5.027
785.28,4.865
785.3,4.56
785.32,4.28
785.33,4.149
785.35,3.902
785.37,3.675
785.38,3.568
785.4,3.367
785.42,3.18
785.43,3.092
785.45,2.925
785.47,2.77
785.48,2.696
785.5,2.555
785.52,2.423
785.53,2.361
785.55,2.24
785.57,2.127
785.58,2.072
785.6,1.968
785.62,1.868
785.63,1.82
785.65,1.728
785.66,1.684
785.68,1.597
785.7,1.515
785.71,1.475
785.73,1.398
785.75,1.324
785.76,1.288
785.78,1.219
785.8,1.152
785.81,1.12
785.83,1.057
785.85,0.9968
785.86,0.9677
785.88,0.9114
785.9,0.8575
785.91,0.8314
785.93,0.7811
785.95,0.733
785.96,0.7098
785.98,0.6651
786.0,0.6226
786.01,0.6021
786.03,0.5629
786.04,0.544
786.06,0.5079
786.08,0.4738
786.09,0.4576
786.11,0.4265
786.13,0.3974
786.14,0.3836
786.16,0.3575
786.18,0.3332
786.19,0.3218
786.21,0.3003
786.23,0.2807
786.24,0.2716
786.26,0.2547
786.28,0.2397
786.29,0.2329
786.31,0.2206
786.33,0.2101
786.34,0.2056
786.36,0.1979
786.38,0.1922
786.39,0.1901
786.41,0.1874
786.42,0.1868
786.44,0.1873
786.46,0.1901
786.47,0.1923
786.49,0.1987
786.51,0.2078
786.52,0.2133
786.54,0.2267
786.56,0.2432
786.57,0.2528
786.59,0.2745
786.61,0.3002
786.62,0.3146
786.64,0.3467
786.66,0.3837
786.67,0.4042
786.69,0.4493
786.71,0.5005
786.72,0.5285
786.74,0.5899
786.75,0.6234
786.77,0.6965
786.79,0.7782
786.8,0.8226
786.82,0.919
786.84,1.026
786.85,1.084
786.87,1.209
786.89,1.348
786.9,1.423
786.92,1.584
786.94,1.761
786.95,1.856
786.97,2.061
786.99,2.285
787.0,2.406
787.02,2.663
787.04,2.944
787.05,3.094
787.07,3.414
787.09,3.762
787.1,3.947
787.12,4.341
787.13,4.551
787.15,4.995
787.17,5.476
787.18,5.73
787.2,6.268
787.22,6.848
787.23,7.154
787.25,7.799
787.27,8.49
787.28,8.854
787.3,9.619
787.32,10.44
787.33,10.86
787.35,11.76
787.37,12.71
787.38,13.21
787.4,14.25
787.42,15.35
787.43,15.92
787.45,17.11
787.47,18.37
787.48,19.02
787.5,20.37
787.51,21.07
787.53,22.51
787.55,24.02
787.56,24.8
787.58,26.41
787.6,28.07
787.61,28.93
787.63,30.69
787.65,32.5
787.66,33.43
787.68,35.33
787.7,37.29
787.71,38.28
787.73,40.31
787.75,42.37
787.76,43.42
787.78,45.55
787.8,47.71
787.81,48.8
787.83,50.99
787.85,53.21
787.86,54.32
787.88,56.55
787.89,57.66
787.91,59.89
787.93,62.11
787.94,63.22
787.96,65.41
787.98,67.58
787.99,68.65
788.01,70.76
788.03,72.82
788.04,73.83
788.06,75.81
788.08,77.72
788.09,78.65
788.11,80.45
788.13,82.16
788.14,82.98
788.16,84.55
788.18,86.01
788.19,86.71
788.21,88.0
788.22,88.61
788.24,89.72
788.26,90.71
788.27,91.16
788.29,91.95
788.31,92.61
788.32,92.88
788.34,93.32
788.36,93.62
788.37,93.72
788.39,93.8
788.41,93.74
788.42,93.65
788.44,93.37
788.46,92.94
788.47,92.68
788.49,92.04
788.51,91.27
788.52,90.83
788.54,89.86
788.56,88.76
788.57,88.16
788.59,86.88
788.6,86.2
788.62,84.76
788.64,83.21
788.65,82.39
788.67,80.7
788.69,78.93
788.7,78.01
788.72,76.12
788.74,74.17
788.75,73.17
788.77,71.13
788.79,69.05
788.8,68.0
788.82,65.86
788.84,63.71
788.85,62.62
788.87,60.44
788.89,58.26
788.9,57.16
788.92,54.98
788.94,52.82
788.95,51.74
788.97,49.61
788.98,48.55
789.0,46.47
789.02,44.42
789.03,43.41
789.05,41.42
789.07,39.48
789.08,38.54
789.1,36.68
789.12,34.88
789.13,34.01
789.15,32.3
789.17,30.66
789.18,29.86
789.2,28.32
789.22,26.84
789.23,26.13
789.25,24.76
789.27,23.45
789.28,22.83
789.3,21.62
789.31,21.05
789.33,19.94
789.35,18.9
789.36,18.41
789.38,17.46
789.4,16.58
789.41,16.16
789.43,15.36
789.45,14.62
789.46,14.27
789.48,13.61
789.5,12.99
789.51,12.7
789.53,12.16
789.55,11.65
789.56,11.42
789.58,10.97
789.6,10.56
789.61,10.37
789.63,10.01
789.65,9.682
789.66,9.527
789.68,9.234
789.69,9.097
789.71,8.838
789.73,8.599
789.74,8.486
789.76,8.272
789.78,8.072
789.79,7.976
789.81,7.794
789.83,7.622
789.84,7.539
789.86,7.378
789.88,7.224
789.89,7.148
789.91,7.001
789.93,6.856
789.94,6.785
789.96,6.644
789.98,6.505
789.99,6.435
790.01,6.296
790.03,6.157
790.04,6.088
790.06,5.948
790.07,5.878
790.09,5.737
790.11,5.596
790.12,5.525
790.14,5.382
790.16,5.239
790.17,5.167
790.19,5.023
790.21,4.879
790.22,4.807
790.24,4.664
790.26,4.523
790.27,4.452
790.29,4.313
790.31,4.175
790.32,4.108
790.34,3.975
790.36,3.847
790.37,3.784
790.39,3.662
790.41,3.546
790.42,3.49
790.44,3.384
790.45,3.333
790.47,3.238
790.49,3.152
790.5,3.112
790.52,3.04
790.54,2.979
790.55,2.952
790.57,2.909
790.59,2.878
790.6,2.868
790.62,2.859
790.64,2.865
790.65,2.874
790.67,2.905
790.69,2.955
790.7,2.986
790.72,3.065
790.74,3.164
790.75,3.222
790.77,3.355
790.78,3.43
790.8,3.599
790.82,3.794
790.83,3.902
790.85,4.138
790.87,4.403
790.88,4.546
790.9,4.857
790.92,5.2
790.93,5.384
790.95,5.778
790.97,6.208
790.98,6.436
791.0,6.921
791.02,7.445
791.03,7.722
791.05,8.306
791.07,8.931
791.08,9.259
791.1,9.948
791.12,10.68
791.13,11.06
791.15,11.86
791.16,12.28
791.18,13.14
791.2,14.06
791.21,14.53
791.23,15.51
791.25,16.53
791.26,17.06
791.28,18.16
791.3,19.29
791.31,19.88
791.33,21.08
791.35,22.32
791.36,22.96
791.38,24.26
791.4,25.6
791.41,26.28
791.43,27.67
791.45,29.09
791.46,29.82
791.48,31.28
791.5,32.77
791.51,33.52
791.53,35.04
791.54,35.8
791.56,37.35
791.58,38.9
791.59,39.68
791.61,41.24
791.63,42.8
791.64,43.58
791.66,45.13
791.68,46.68
791.69,47.44
791.71,48.96
791.73,50.46
791.74,51.21
791.76,52.67
791.78,54.1
791.79,54.8
791.81,56.18
791.83,57.52
791.84,58.17
791.86,59.44
791.88,60.67
791.89,61.26
791.91,62.41
791.92,62.96
791.94,64.03
791.96,65.04
791.97,65.52
791.99,66.44
792.01,67.3
792.02,67.71
792.04,68.48
792.06,69.2
792.07,69.53
792.09,70.15
792.11,70.72
792.12,70.98
792.14,71.47
792.16,71.9
792.17,72.09
792.19,72.45
792.21,72.76
792.22,72.9
792.24,73.15
792.25,73.27
792.27,73.46
792.29,73.63
792.3,73.7
792.32,73.83
792.34,73.94
792.35,73.99
792.37,74.08
792.39,74.16
792.4,74.2
792.42,74.28
792.44,74.36
792.45,74.4
792.47,74.5
792.49,74.61
792.5,74.67
792.52,74.81
792.54,74.98
792.55,75.07
792.57,75.28
792.59,75.53
792.6,75.66
792.62,75.96
792.63,76.12
792.65,76.48
792.67,76.87
792.68,77.09
792.7,77.55
792.72,78.05
792.73,78.32
792.75,78.89
792.77,79.5
792.78,79.82
792.8,80.49
792.82,81.2
792.83,81.57
792.85,82.34
792.87,83.13
792.88,83.54
792.9,84.38
792.92,85.24
792.93,85.68
792.95,86.57
792.97,87.48
792.98,87.93
793.0,88.85
793.01,89.31
793.03,90.23
793.05,91.14
793.06,91.59
793.08,92.48
793.1,93.36
793.11,93.79
793.13,94.63
793.15,95.44
793.16,95.83
793.18,96.58
793.2,97.3
793.21,97.64
793.23,98.29
793.25,98.89
793.26,99.17
793.28,99.68
793.3,100.1
793.31,100.4
793.33,100.7
793.35,101.1
793.36,101.2
793.38,101.4
793.39,101.5
793.41,101.7
793.43,101.7
793.44,101.8
793.46,101.8
793.48,101.7
793.49,101.7
793.51,101.6
793.53,101.4
793.54,101.3
793.56,101.1
793.58,100.9
793.59,100.8
793.61,100.5
793.63,100.2
793.64,100.1
793.66,99.78
793.68,99.49
793.69,99.35
793.71,99.08
793.72,98.95
793.74,98.7
793.76,98.48
793.77,98.39
793.79,98.22
793.81,98.1
793.82,98.05
793.84,98.0
793.86,98.01
793.87,98.03
793.89,98.12
793.91,98.28
793.92,98.38
793.94,98.64
793.96,98.97
793.97,99.15
793.99,99.58
794.01,100.1
794.02,100.4
794.04,101.0
794.06,101.6
794.07,102.0
794.09,102.7
794.1,103.1
794.12,104.0
794.14,104.8
794.15,105.3
794.17,106.2
794.19,107.2
794.2,107.7
794.22,108.7
794.24,109.7
794.25,110.2
794.27,111.3
794.29,112.3
794.3,112.7
794.32,113.7
794.34,114.6
794.35,115.1
794.37,116.0
794.39,116.8
794.4,117.1
794.42,117.8
794.44,118.4
794.45,118.7
794.47,119.2
794.48,119.4
794.5,119.7
794.52,119.9
794.53,120.0
794.55,120.0
794.57,119.9
794.58,119.8
794.6,119.5
794.62,119.0
794.63,118.8
794.65,118.1
794.67,117.3
794.68,116.9
794.7,115.9
794.72,114.7
794.73,114.1
794.75,112.8
794.77,111.3
794.78,110.5
794.8,108.8
794.82,107.0
794.83,106.0
794.85,104.1
794.86,103.0
794.88,100.9
794.9,98.65
794.91,97.49
794.93,95.12
794.95,92.66
794.96,91.41
794.98,88.85
795.0,86.24
795.01,84.92
795.03,82.23
795.05,79.52
795.06,78.15
795.08,75.39
795.1,72.62
795.11,71.24
795.13,68.47
795.15,65.7
795.16,64.32
795.18,61.58
795.19,60.22
795.21,57.53
795.23,54.87
795.24,53.55
795.26,50.95
795.28,48.41
795.29,47.16
795.31,44.7
795.33,42.3
795.34,41.13
795.36,38.84
795.38,36.61
795.39,35.53
795.41,33.42
795.43,31.38
795.44,30.39
795.46,28.48
795.48,26.64
795.49,25.75
795.51,24.04
795.53,22.4
795.54,21.61
795.56,20.1
795.57,19.37
795.59,17.97
795.61,16.65
795.62,16.01
795.64,14.8
795.66,13.66
795.67,13.12
795.69,12.09
795.71,11.12
795.72,10.66
795.74,9.787
795.76,8.976
795.77,8.593
795.79,7.869
795.81,7.199
795.82,6.884
795.84,6.292
795.86,5.747
795.87,5.493
795.89,5.016
795.91,4.582
795.92,4.38
795.94,4.005
795.95,3.831
795.97,3.51
795.99,3.222
796.0,3.09
796.02,2.849
796.04,2.636
796.05,2.54
796.07,2.368
796.09,2.219
796.1,2.154
796.12,2.04
796.14,1.947
796.15,1.908
796.17,1.844
796.19,1.798
796.2,1.781
796.22,1.76
796.24,1.755
796.25,1.758
796.27,1.775
796.29,1.805
796.3,1.825
796.32,1.874
796.33,1.903
796.35,1.969
796.37,2.047
796.38,2.09
796.4,2.183
796.42,2.285
796.43,2.34
796.45,2.456
796.47,2.581
796.48,2.646
796.5,2.782
796.52,2.926
796.53,3.0
796.55,3.154
796.57,3.313
796.58,3.395
796.6,3.563
796.62,3.735
796.63,3.823
796.65,4.001
796.66,4.092
796.68,4.275
796.7,4.461
796.71,4.554
796.73,4.742
796.75,4.931
796.76,5.026
796.78,5.215
796.8,5.404
796.81,5.497
796.83,5.683
796.85,5.867
796.86,5.957
796.88,6.135
796.9,6.309
796.91,6.395
796.93,6.561
796.95,6.721
796.96,6.798
796.98,6.948
797.0,7.09
797.01,7.158
797.03,7.288
797.04,7.349
797.06,7.465
797.08,7.57
797.09,7.619
797.11,7.709
797.13,7.787
797.14,7.822
797.16,7.884
797.18,7.933
797.19,7.953
797.21,7.984
797.23,8.003
797.24,8.008
797.26,8.008
797.28,7.995
797.29,7.985
797.31,7.954
797.33,7.91
797.34,7.884
797.36,7.823
797.38,7.75
797.39,7.709
797.41,7.62
797.42,7.571
797.44,7.465
797.46,7.35
797.47,7.289
797.49,7.159
797.51,7.021
797.52,6.949
797.54,6.799
797.56,6.642
797.57,6.561
797.59,6.394
797.61,6.222
797.62,6.134
797.64,5.955
797.66,5.772
797.67,5.68
797.69,5.493
797.71,5.303
797.72,5.208
797.74,5.017
797.75,4.921
797.77,4.73
797.79,4.539
797.8,4.443
797.82,4.254
797.84,4.066
797.85,3.973
797.87,3.789
797.89,3.608
797.9,3.518
797.92,3.342
797.94,3.17
797.95,3.086
797.97,2.92
797.99,2.759
798.0,2.681
798.02,2.527
798.04,2.379
798.05,2.307
798.07,2.166
798.09,2.031
798.1,1.966
798.12,1.839
798.13,1.778
798.15,1.66
798.17,1.547
798.18,1.493
798.2,1.388
798.22,1.289
798.23,1.242
798.25,1.15
798.27,1.064
798.28,1.023
798.3,0.9448
798.32,0.871
798.33,0.8358
798.35,0.7689
798.37,0.7064
798.38,0.6767
798.4,0.6203
798.42,0.5679
798.43,0.5431
798.45,0.4962
798.47,0.4528
798.48,0.4323
798.5,0.3937
798.51,0.3756
798.53,0.3414
798.55,0.31
798.56,0.2952
798.58,0.2676
798.6,0.2423
798.61,0.2304
798.63,0.2083
798.65,0.1881
798.66,0.1787
798.68,0.1612
798.7,0.1452
798.71,0.1378
798.73,0.124
798.75,0.1116
798.76,0.1058
798.78,0.0951
798.8,0.08545
798.81,0.081
798.83,0.07276
798.85,0.06537
798.86,0.06196
798.88,0.0557
798.89,0.05282
798.91,0.04753
798.93,0.04282
798.94,0.04067
798.96,0.03674
798.98,0.03327
798.99,0.03169
799.01,0.02884
799.03,0.02636
799.04,0.02525
799.06,0.02328
799.08,0.02161
799.09,0.02089
799.11,0.01965
799.13,0.01867
799.14,0.01828
799.16,0.0177
799.18,0.01736
799.19,0.01728
799.21,0.01731
799.22,0.01742
799.24,0.01783
799.26,0.01851
799.27,0.01895
799.29,0.02004
799.31,0.02144
799.32,0.02225
799.34,0.02413
799.36,0.02636
799.37,0.02762
799.39,0.03045
799.41,0.03371
799.42,0.03551
799.44,0.0395
799.46,0.04403
799.47,0.04651
799.49,0.05194
799.51,0.05804
799.52,0.06137
799.54,0.0686
799.56,0.07666
799.57,0.08102
799.59,0.09047
799.6,0.09557
799.62,0.1066
799.64,0.1188
799.65,0.1253
799.67,0.1394
799.69,0.1548
799.7,0.1631
799.72,0.1809
799.74,0.2003
799.75,0.2106
799.77,0.2328
799.79,0.2568
799.8,0.2697
799.82,0.2969
799.84,0.3264
799.85,0.3421
799.87,0.3752
799.89,0.411
799.9,0.4299
799.92,0.4698
799.94,0.5127
799.95,0.5352
799.97,0.5827
799.98,0.6077
800.0,0.6601
800.02,0.7159
800.03,0.7451
800.05,0.8062
800.07,0.871
800.08,0.9048
800.1,0.9753
800.12,1.05
800.13,1.088
800.15,1.169
800.17,1.253
800.18,1.296
800.2,1.387
800.22,1.481
800.23,1.529
800.25,1.63
800.27,1.734
800.28,1.787
800.3,1.897
800.32,2.01
800.33,2.068
800.35,2.186
800.36,2.247
800.38,2.37
800.4,2.496
800.41,2.56
800.43,2.69
800.45,2.822
800.46,2.889
800.48,3.024
800.5,3.16
800.51,3.229
800.53,3.367
800.55,3.505
800.56,3.574
800.58,3.712
800.6,3.85
800.61,3.918
800.63,4.054
800.65,4.188
800.66,4.254
800.68,4.384
800.69,4.448
800.71,4.574
800.73,4.696
800.74,4.755
800.76,4.871
800.78,4.981
800.79,5.035
800.81,5.137
800.83,5.233
800.84,5.279
800.86,5.366
800.88,5.445
800.89,5.482
800.91,5.551
800.93,5.611
800.94,5.638
800.96,5.687
800.98,5.727
800.99,5.743
801.01,5.77
801.03,5.788
801.04,5.794
801.06,5.799
801.07,5.798
801.09,5.789
801.11,5.771
801.12,5.759
801.14,5.728
801.16,5.689
801.17,5.666
801.19,5.614
801.21,5.554
801.22,5.521
801.24,5.449
801.26,5.37
801.27,5.328
801.29,5.239
801.31,5.143
801.32,5.093
801.34,4.989
801.36,4.879
801.37,4.822
801.39,4.705
801.41,4.584
801.42,4.522
801.44,4.395
801.45,4.331
801.47,4.2
801.49,4.067
801.5,4.0
801.52,3.865
801.54,3.729
801.55,3.66
801.57,3.524
801.59,3.387
801.6,3.319
801.62,3.183
801.64,3.048
801.65,2.981
801.67,2.849
801.69,2.719
801.7,2.655
801.72,2.528
801.74,2.405
801.75,2.344
801.77,2.225
801.79,2.109
801.8,2.053
801.82,1.943
801.83,1.889
801.85,1.785
801.87,1.685
801.88,1.636
801.9,1.543
801.92,1.453
801.93,1.41
801.95,1.327
801.97,1.249
801.98,1.211
802.0,1.139
802.02,1.072
802.03,1.04
802.05,0.9795
802.07,0.9234
802.08,0.897
802.1,0.8476
802.12,0.8025
802.13,0.7817
802.15,0.7432
802.16,0.7255
802.18,0.6936
802.2,0.6659
802.21,0.6536
802.23,0.6324
802.25,0.6154
802.26,0.6085
802.28,0.5979
802.3,0.5917
802.31,0.5902
802.33,0.5904
802.35,0.5951
802.36,0.5991
802.38,0.6105
802.4,0.6265
802.41,0.6363
802.43,0.6593
802.45,0.6872
802.46,0.703
802.48,0.7385
802.5,0.7791
802.51,0.8014
802.53,0.8502
802.54,0.8766
802.56,0.9339
802.58,0.9971
802.59,1.031
802.61,1.103
802.63,1.182
802.64,1.224
802.66,1.313
802.68,1.409
802.69,1.46
802.71,1.567
802.73,1.681
802.74,1.741
802.76,1.867
802.78,2.001
802.79,2.071
802.81,2.217
802.83,2.371
802.84,2.452
802.86,2.619
802.88,2.795
802.89,2.886
802.91,3.075
802.92,3.172
802.94,3.374
802.96,3.584
802.97,3.692
802.99,3.915
803.01,4.145
803.02,4.264
803.04,4.506
803.06,4.756
803.07,4.884
803.09,5.144
803.11,5.411
803.12,5.546
803.14,5.822
803.16,6.102
803.17,6.244
803.19,6.531
803.21,6.822
803.22,6.968
803.24,7.262
803.26,7.558
803.27,7.706
803.29,8.002
803.3,8.15
803.32,8.445
803.34,8.737
803.35,8.882
803.37,9.17
803.39,9.453
803.4,9.592
803.42,9.866
803.44,10.13
803.45,10.26
803.47,10.52
803.49,10.76
803.5,10.88
803.52,11.11
803.54,11.33
803.55,11.43
803.57,11.63
803.59,11.81
803.6,11.9
803.62,12.06
803.63,12.13
803.65,12.27
803.67,12.39
803.68,12.45
803.7,12.54
803.72,12.62
803.73,12.65
803.75,12.71
803.77,12.74
803.78,12.75
803.8,12.76
803.82,12.75
803.83,12.74
803.85,12.71
803.87,12.66
803.88,12.62
803.9,12.55
803.92,12.46
803.93,12.41
803.95,12.3
803.97,12.17
803.98,12.11
804.0,11.96
804.01,11.89
804.03,11.73
804.05,11.56
804.06,11.47
804.08,11.29
804.1,11.11
804.11,11.01
804.13,10.82
804.15,10.62
804.16,10.52
804.18,10.32
804.2,10.11
804.21,10.01
804.23,9.809
804.25,9.609
804.26,9.51
804.28,9.315
804.3,9.124
804.31,9.03
804.33,8.848
804.35,8.672
804.36,8.587
804.38,8.423
804.39,8.344
804.41,8.193
804.43,8.051
804.44,7.983
804.46,7.856
804.48,7.74
804.49,7.685
804.51,7.585
804.53,7.495
804.54,7.454
804.56,7.381
804.58,7.318
804.59,7.291
804.61,7.244
804.63,7.208
804.64,7.193
804.66,7.172
804.68,7.16
804.69,7.157
804.71,7.158
804.73,7.166
804.74,7.173
804.76,7.193
804.77,7.205
804.79,7.234
804.81,7.267
804.82,7.286
804.84,7.326
804.86,7.369
804.87,7.392
804.89,7.439
804.91,7.486
804.92,7.511
804.94,7.559
804.96,7.606
804.97,7.629
804.99,7.674
805.01,7.716
805.02,7.736
805.04,7.772
805.06,7.805
805.07,7.819
805.09,7.845
805.1,7.855
805.12,7.871
805.14,7.882
805.15,7.884
805.17,7.884
805.19,7.877
805.2,7.871
805.22,7.853
805.24,7.827
805.25,7.812
805.27,7.775
805.29,7.731
805.3,7.706
805.32,7.651
805.34,7.588
805.35,7.555
805.37,7.482
805.39,7.404
805.4,7.362
805.42,7.275
805.44,7.183
805.45,7.135
805.47,7.036
805.48,6.985
805.5,6.881
805.52,6.775
805.53,6.721
805.55,6.612
805.57,6.502
805.58,6.447
805.6,6.338
805.62,6.231
805.63,6.178
805.65,6.074
805.67,5.974
805.68,5.926
805.7,5.833
805.72,5.747
805.73,5.706
805.75,5.631
805.77,5.564
805.78,5.535
805.8,5.483
805.82,5.442
805.83,5.426
805.85,5.404
805.86,5.398
805.88,5.397
805.9,5.411
805.91,5.424
805.93,5.463
805.95,5.52
805.96,5.555
805.98,5.64
806.0,5.745
806.01,5.805
806.03,5.943
806.05,6.102
806.06,6.191
806.08,6.386
806.1,6.607
806.11,6.726
806.13,6.985
806.15,7.271
806.16,7.425
806.18,7.753
806.2,8.109
806.21,8.299
806.23,8.7
806.24,8.912
806.26,9.36
806.28,9.838
806.29,10.09
806.31,10.62
806.33,11.17
806.34,11.47
806.36,12.07
806.38,12.72
806.39,13.05
806.41,13.74
806.43,14.46
806.44,14.84
806.46,15.61
806.48,16.41
806.49,16.83
806.51,17.68
806.53,18.56
806.54,19.02
806.56,19.95
806.57,20.42
806.59,21.39
806.61,22.39
806.62,22.9
806.64,23.94
806.66,24.99
806.67,25.53
806.69,26.62
806.71,27.73
806.72,28.29
806.74,29.43
806.76,30.57
806.77,31.15
806.79,32.31
806.81,33.48
806.82,34.06
806.84,35.23
806.86,36.4
806.87,36.99
806.89,38.15
806.91,39.3
806.92,39.88
806.94,41.01
806.95,41.57
806.97,42.68
806.99,43.77
807.0,44.3
807.02,45.35
807.04,46.37
807.05,46.86
807.07,47.82
807.09,48.75
807.1,49.2
807.12,50.05
807.14,50.87
807.15,51.26
807.17,51.99
807.19,52.67
807.2,52.99
807.22,53.59
807.24,54.13
807.25,54.37
807.27,54.81
807.29,55.19
807.3,55.35
807.32,55.63
807.33,55.74
807.35,55.92
807.37,56.02
807.38,56.05
807.4,56.05
807.42,55.98
807.43,55.91
807.45,55.74
807.47,55.49
807.48,55.34
807.5,55.0
807.52,54.58
807.53,54.35
807.55,53.84
807.57,53.27
807.58,52.96
807.6,52.29
807.62,51.57
807.63,51.19
807.65,50.39
807.66,49.97
807.68,49.1
807.7,48.18
807.71,47.7
807.73,46.72
807.75,45.7
807.76,45.18
807.78,44.11
807.8,43.02
807.81,42.46
807.83,41.32
807.85,40.17
807.86,39.59
807.88,38.41
807.9,37.23
807.91,36.63
807.93,35.43
807.95,34.23
807.96,33.63
807.98,32.43
808.0,31.24
808.01,30.65
808.03,29.47
808.04,28.89
808.06,27.73
808.08,26.59
808.09,26.02
808.11,24.91
808.13,23.82
808.14,23.28
808.16,22.23
808.18,21.21
808.19,20.7
808.21,19.72
808.23,18.77
808.24,18.31
808.26,17.41
808.28,16.54
808.29,16.12
808.31,15.3
808.33,14.53
808.34,14.15
808.36,13.43
808.38,12.74
808.39,12.41
808.41,11.78
808.42,11.48
808.44,10.9
808.46,10.37
808.47,10.11
808.49,9.629
808.51,9.184
808.52,8.976
808.54,8.585
808.56,8.23
808.57,8.066
808.59,7.763
808.61,7.494
808.62,7.372
808.64,7.153
808.66,6.966
808.67,6.884
808.69,6.743
808.71,6.632
808.72,6.587
808.74,6.519
808.76,6.478
808.77,6.467
808.79,6.465
808.8,6.473
808.82,6.507
808.84,6.564
808.85,6.601
808.87,6.69
808.89,6.799
808.9,6.86
808.92,6.996
808.94,7.149
808.95,7.231
808.97,7.406
808.99,7.595
809.0,7.694
809.02,7.9
809.04,8.117
809.05,8.228
809.07,8.457
809.09,8.693
809.1,8.813
809.12,9.056
809.13,9.179
809.15,9.427
809.17,9.676
809.18,9.801
809.2,10.05
809.22,10.3
809.23,10.42
809.25,10.66
809.27,10.9
809.28,11.01
809.3,11.24
809.32,11.46
809.33,11.57
809.35,11.77
809.37,11.97
809.38,12.06
809.4,12.24
809.42,12.41
809.43,12.48
809.45,12.63
809.47,12.76
809.48,12.82
809.5,12.93
809.51,12.98
809.53,13.06
809.55,13.13
809.56,13.16
809.58,13.2
809.6,13.23
809.61,13.24
809.63,13.24
809.65,13.22
809.66,13.21
809.68,13.16
809.7,13.11
809.71,13.07
809.73,12.99
809.75,12.89
809.76,12.84
809.78,12.72
809.8,12.58
809.81,12.51
809.83,12.35
809.85,12.18
809.86,12.09
809.88,11.9
809.89,11.8
809.91,11.6
809.93,11.38
809.94,11.27
809.96,11.04
809.98,10.81
809.99,10.68
810.01,10.43
810.03,10.18
810.04,10.05
810.06,9.787
810.08,9.52
810.09,9.385
810.11,9.113
810.13,8.839
810.14,8.701
810.16,8.424
810.18,8.147
810.19,8.009
810.21,7.732
810.23,7.457
810.24,7.32
810.26,7.047
810.27,6.912
810.29,6.643
810.31,6.378
810.32,6.247
810.34,5.987
810.36,5.733
810.37,5.607
810.39,5.36
810.41,5.117
810.42,4.998
810.44,4.765
810.46,4.537
810.47,4.426
810.49,4.207
810.51,3.996
810.52,3.892
810.54,3.69
810.56,3.495
810.57,3.4
810.59,3.215
810.6,3.125
810.62,2.95
810.64,2.782
810.65,2.7
810.67,2.542
810.69,2.391
810.7,2.317
810.72,2.176
810.74,2.041
810.75,1.976
810.77,1.85
810.79,1.731
810.8,1.673
810.82,1.562
810.84,1.458
810.85,1.407
810.87,1.311
810.89,1.219
810.9,1.176
810.92,1.092
810.94,1.014
810.95,0.976
810.97,0.9044
810.98,0.8703
811.0,0.8053
811.02,0.7444
811.03,0.7155
811.05,0.6606
811.07,0.6094
811.08,0.5852
811.1,0.5393
811.12,0.4968
811.13,0.4767
811.15,0.4389
811.17,0.404
811.18,0.3876
811.2,0.3568
811.22,0.3286
811.23,0.3155
811.25,0.291
811.27,0.2687
811.28,0.2584
811.3,0.2394
811.32,0.2224
811.33,0.2146
811.35,0.2004
811.36,0.194
811.38,0.1824
811.4,0.1726
811.41,0.1683
811.43,0.1608
811.45,0.1548
811.46,0.1524
811.48,0.1486
811.5,0.1462
811.51,0.1455
811.53,0.1451
811.55,0.1461
811.56,0.1471
811.58,0.15
811.6,0.1542
811.61,0.1568
811.63,0.1629
811.65,0.1702
811.66,0.1744
811.68,0.1837
811.7,0.1942
811.71,0.2
811.73,0.2125
811.74,0.2192
811.76,0.2337
811.78,0.2494
811.79,0.2578
811.81,0.2756
811.83,0.2948
811.84,0.3049
811.86,0.3261
811.88,0.3488
811.89,0.3606
811.91,0.3853
811.93,0.4115
811.94,0.4251
811.96,0.4534
811.98,0.4831
811.99,0.4985
812.01,0.5303
812.03,0.5635
812.04,0.5806
812.06,0.6159
812.07,0.634
812.09,0.6712
812.11,0.7096
812.12,0.7293
812.14,0.7695
812.16,0.8108
812.17,0.8319
812.19,0.8747
812.21,0.9185
812.22,0.9407
812.24,0.9856
812.26,1.031
812.27,1.054
812.29,1.101
812.31,1.148
812.32,1.171
812.34,1.218
812.36,1.266
812.37,1.289
812.39,1.336
812.41,1.383
812.42,1.406
812.44,1.452
812.45,1.475
812.47,1.519
812.49,1.563
812.5,1.585
812.52,1.627
812.54,1.668
812.55,1.688
812.57,1.726
812.59,1.763
812.6,1.78
812.62,1.814
812.64,1.846
812.65,1.861
812.67,1.889
812.69,1.915
812.7,1.927
812.72,1.949
812.74,1.969
812.75,1.977
812.77,1.992
812.79,2.005
812.8,2.01
812.82,2.017
812.83,2.02
812.85,2.024
812.87,2.024
812.88,2.023
812.9,2.019
812.92,2.011
812.93,2.007
812.95,1.995
812.97,1.98
812.98,1.972
813.0,1.953
813.02,1.932
813.03,1.92
813.05,1.895
813.07,1.867
813.08,1.852
813.1,1.82
813.12,1.787
813.13,1.769
813.15,1.733
813.17,1.695
813.18,1.675
813.2,1.634
813.21,1.613
813.23,1.571
813.25,1.527
813.26,1.505
813.28,1.459
813.3,1.413
813.31,1.39
813.33,1.343
813.35,1.296
813.36,1.272
813.38,1.224
813.4,1.177
813.41,1.153
813.43,1.106
813.45,1.059
813.46,1.036
813.48,0.9897
813.5,0.9441
813.51,0.9217
813.53,0.8773
813.54,0.8554
813.56,0.8124
813.58,0.7704
813.59,0.7498
813.61,0.7094
813.63,0.6702
813.64,0.6511
813.66,0.6137
813.68,0.5776
813.69,0.5601
813.71,0.526
813.73,0.4932
813.74,0.4773
813.76,0.4465
813.78,0.4171
813.79,0.403
813.81,0.3756
813.83,0.3495
813.84,0.337
813.86,0.3129
813.88,0.2902
813.89,0.2792
813.91,0.2583
813.92,0.2483
813.94,0.2292
813.96,0.2112
813.97,0.2027
813.99,0.1864
814.01,0.1711
814.02,0.1639
814.04,0.1501
814.06,0.1373
814.07,0.1313
814.09,0.1198
814.11,0.1092
814.12,0.1042
814.14,0.09474
814.16,0.08602
814.17,0.08192
814.19,0.07421
814.21,0.06714
814.22,0.06382
814.24,0.05761
814.26,0.05192
814.27,0.04927
814.29,0.04431
814.3,0.042
814.32,0.0377
814.34,0.03379
814.35,0.03198
814.37,0.02861
814.39,0.02556
814.4,0.02415
814.42,0.02154
814.44,0.01919
814.45,0.01811
814.47,0.01612
814.49,0.01433
814.5,0.01351
814.52,0.01201
814.54,0.01068
814.55,0.01007
814.57,0.008952
814.59,0.007969
814.6,0.007523
814.62,0.006716
814.64,0.006011
814.65,0.005694
814.67,0.005125
814.68,0.004872
814.7,0.004421
814.72,0.004039
814.73,0.003872
814.75,0.003583
814.77,0.003347
814.78,0.003248
814.8,0.003086
814.82,0.002966
814.83,0.002921
814.85,0.002858
814.87,0.002831
814.88,0.002829
814.9,0.002848
814.92,0.002896
814.93,0.00293
814.95,0.003017
814.97,0.003127
814.98,0.003191
815.0,0.003335
815.01,0.003415
815.03,0.003589
815.05,0.003782
815.06,0.003886
815.08,0.004107
815.1,0.004344
815.11,0.004469
815.13,0.004731
815.15,0.005008
815.16,0.005151
815.18,0.00545
815.2,0.005762
815.21,0.005923
815.23,0.006254
815.25,0.006597
815.26,0.006773
815.28,0.007133
815.3,0.007502
815.31,0.007691
815.33,0.008074
815.35,0.008465
815.36,0.008663
815.38,0.009065
815.39,0.009268
815.41,0.009677
815.43,0.01009
815.44,0.0103
815.46,0.01072
815.48,0.01114
815.49,0.01135
815.51,0.01177
815.53,0.01219
815.54,0.0124
815.56,0.01282
815.58,0.01324
815.59,0.01344
815.61,0.01386
815.63,0.01427
815.64,0.01447
815.66,0.01487
815.68,0.01528
815.69,0.01548
815.71,0.01588
815.73,0.01629
815.74,0.0165
815.76,0.01691
815.77,0.01712
815.79,0.01756
815.81,0.01801
815.82,0.01825
815.84,0.01875
815.86,0.0193
815.87,0.01959
815.89,0.02022
815.91,0.02093
815.92,0.02132
815.94,0.02219
815.96,0.0232
815.97,0.02377
815.99,0.02504
816.01,0.02655
816.02,0.0274
816.04,0.02934
816.06,0.03164
816.07,0.03295
816.09,0.03594
816.11,0.0395
816.12,0.04152
816.14,0.04614
816.15,0.04876
816.17,0.05473
816.19,0.06182
816.2,0.06584
816.22,0.07496
816.24,0.08574
816.25,0.09184
816.27,0.1056
816.29,0.1219
816.3,0.131
816.32,0.1517
816.34,0.1759
816.35,0.1895
816.37,0.22
816.39,0.2557
816.4,0.2757
816.42,0.3204
816.44,0.3724
816.45,0.4014
816.47,0.4662
816.48,0.5024
816.5,0.5829
816.52,0.6758
816.53,0.7274
816.55,0.8422
816.57,0.974
816.58,1.047
816.6,1.209
816.62,1.394
816.63,1.496
816.65,1.722
816.67,1.979
816.68,2.12
816.7,2.432
816.72,2.786
816.73,2.98
816.75,3.406
816.77,3.888
816.78,4.152
816.8,4.729
816.82,5.378
816.83,5.732
816.85,6.505
816.86,6.926
816.88,7.843
816.9,8.869
816.91,9.425
816.93,10.63
816.95,11.98
816.96,12.71
816.98,14.29
817.0,16.04
817.01,16.98
817.03,19.02
817.05,21.27
817.06,22.48
817.08,25.08
817.1,27.95
817.11,29.48
817.13,32.78
817.15,36.39
817.16,38.32
817.18,42.44
817.2,46.94
817.21,49.34
817.23,54.45
817.24,57.17
817.26,62.95
817.28,69.21
817.29,72.53
817.31,79.57
817.33,87.17
817.34,91.18
817.36,99.67
817.38,108.8
817.39,113.6
817.41,123.7
817.43,134.5
817.44,140.2
817.46,152.1
817.48,164.8
817.49,171.4
817.51,185.3
817.53,200.0
817.54,207.7
817.56,223.7
817.58,240.6
817.59,249.4
817.61,267.7
817.62,277.1
817.64,296.7
817.66,317.3
817.67,327.9
817.69,349.9
817.71,372.7
817.72,384.5
817.74,408.8
817.76,433.9
817.77,446.8
817.79,473.3
817.81,500.6
817.82,514.6
817.84,543.1
817.86,572.4
817.87,587.3
817.89,617.7
817.91,648.7
817.92,664.5
817.94,696.4
817.95,712.5
817.97,745.2
817.99,778.3
818.0,795.0
818.02,828.5
818.04,862.4
818.05,879.4
818.07,913.4
818.09,947.5
818.1,964.6
818.12,998.6
818.14,1033.0
818.15,1049.0
818.17,1083.0
818.19,1116.0
818.2,1133.0
818.22,1165.0
818.24,1197.0
818.25,1213.0
818.27,1244.0
818.29,1275.0
818.3,1290.0
818.32,1319.0
818.33,1334.0
818.35,1362.0
818.37,1390.0
818.38,1403.0
818.4,1429.0
818.42,1455.0
818.43,1467.0
818.45,1491.0
818.47,1514.0
818.48,1525.0
818.5,1547.0
818.52,1568.0
818.53,1578.0
818.55,1598.0
818.57,1617.0
818.58,1627.0
818.6,1645.0
818.62,1663.0
818.63,1671.0
818.65,1689.0
818.67,1705.0
818.68,1714.0
818.7,1730.0
818.71,1738.0
818.73,1755.0
818.75,1771.0
818.76,1780.0
818.78,1796.0
818.8,1813.0
818.81,1822.0
818.83,1840.0
818.85,1858.0
818.86,1867.0
818.88,1887.0
818.9,1907.0
818.91,1917.0
818.93,1938.0
818.95,1961.0
818.96,1972.0
818.98,1996.0
819.0,2020.0
819.01,2033.0
819.03,2059.0
819.04,2073.0
819.06,2101.0
819.08,2129.0
819.09,2144.0
819.11,2174.0
819.13,2205.0
819.14,2221.0
819.16,2253.0
819.18,2286.0
819.19,2303.0
819.21,2336.0
819.23,2370.0
819.24,2387.0
819.26,2422.0
819.28,2456.0
819.29,2473.0
819.31,2507.0
819.33,2540.0
819.34,2557.0
819.36,2590.0
819.38,2621.0
819.39,2637.0
819.41,2667.0
819.42,2681.0
819.44,2709.0
819.46,2735.0
819.47,2747.0
819.49,2771.0
819.51,2792.0
819.52,2802.0
819.54,2819.0
819.56,2835.0
819.57,2841.0
819.59,2852.0
819.61,2861.0
819.62,2864.0
819.64,2867.0
819.66,2868.0
819.67,2867.0
819.69,2863.0
819.71,2855.0
819.72,2850.0
819.74,2837.0
819.76,2821.0
819.77,2812.0
819.79,2791.0
819.8,2779.0
819.82,2753.0
819.84,2724.0
819.85,2708.0
819.87,2674.0
819.89,2637.0
819.9,2617.0
819.92,2576.0
819.94,2532.0
819.95,2509.0
819.97,2461.0
819.99,2411.0
820.0,2385.0
820.02,2331.0
820.04,2276.0
820.05,2247.0
820.07,2190.0
820.09,2130.0
820.1,2100.0
820.12,2039.0
820.14,1977.0
820.15,1945.0
820.17,1882.0
820.18,1850.0
820.2,1786.0
820.22,1722.0
820.23,1690.0
820.25,1626.0
820.27,1562.0
820.28,1530.0
820.3,1467.0
820.32,1405.0
820.33,1374.0
820.35,1312.0
820.37,1252.0
820.38,1222.0
820.4,1164.0
820.42,1107.0
820.43,1078.0
820.45,1023.0
820.47,969.5
820.48,943.3
820.5,891.9
820.51,866.9
820.53,818.0
820.55,770.9
820.56,748.0
820.58,703.5
820.6,660.7
820.61,640.0
820.63,599.9
820.65,561.6
820.66,543.2
820.68,507.5
820.7,473.6
820.71,457.3
820.73,425.9
820.75,396.2
820.76,382.0
820.78,354.7
820.8,329.0
820.81,316.8
820.83,293.3
820.85,271.3
820.86,260.8
820.88,240.9
820.89,231.4
820.91,213.4
820.93,196.6
820.94,188.6
820.96,173.6
820.98,159.6
820.99,153.0
821.01,140.5
821.03,129.0
821.04,123.5
821.06,113.3
821.08,103.9
821.09,99.5
821.11,91.22
821.13,83.63
821.14,80.07
821.16,73.43
821.18,67.36
821.19,64.53
821.21,59.26
821.23,54.46
821.24,52.23
821.26,48.08
821.27,46.16
821.29,42.59
821.31,39.37
821.32,37.88
821.34,35.13
821.36,32.65
821.37,31.51
821.39,29.4
821.41,27.52
821.42,26.66
821.44,25.07
821.46,23.66
821.47,23.01
821.49,21.82
821.51,20.77
821.52,20.3
821.54,19.42
821.56,18.65
821.57,18.3
821.59,17.67
821.61,17.11
821.62,16.86
821.64,16.4
821.65,16.19
821.67,15.81
821.69,15.48
821.7,15.34
821.72,15.07
821.74,14.83
821.75,14.72
821.77,14.53
821.79,14.36
821.8,14.28
821.82,14.13
821.84,14.0
821.85,13.94
821.87,13.83
821.89,13.72
821.9,13.67
821.92,13.58
821.94,13.48
821.95,13.44
821.97,13.34
821.98,13.3
822.0,13.21
822.02,13.11
822.03,13.06
822.05,12.97
822.07,12.86
822.08,12.81
822.1,12.7
822.12,12.59
822.13,12.53
822.15,12.4
822.17,12.27
822.18,12.21
822.2,12.07
822.22,11.92
822.23,11.85
822.25,11.69
822.27,11.53
822.28,11.44
822.3,11.27
822.32,11.09
822.33,11.0
822.35,10.81
822.36,10.71
822.38,10.52
822.4,10.31
822.41,10.21
822.43,9.998
822.45,9.783
822.46,9.674
822.48,9.452
822.5,9.228
822.51,9.114
822.53,8.885
822.55,8.654
822.56,8.537
822.58,8.303
822.6,8.068
822.61,7.951
822.63,7.715
822.65,7.48
822.66,7.363
822.68,7.129
822.7,6.897
822.71,6.782
822.73,6.553
822.74,6.44
822.76,6.215
822.78,5.994
822.79,5.885
822.81,5.67
822.83,5.46
822.84,5.357
822.86,5.154
822.88,4.957
822.89,4.86
822.91,4.671
822.93,4.489
822.94,4.4
822.96,4.227
822.98,4.061
822.99,3.981
823.01,3.825
823.03,3.676
823.04,3.605
823.06,3.467
823.08,3.336
823.09,3.274
823.11,3.154
823.12,3.097
823.14,2.989
823.16,2.887
823.17,2.84
823.19,2.75
823.21,2.667
823.22,2.628
823.24,2.556
823.26,2.491
823.27,2.462
823.29,2.408
823.31,2.361
823.32,2.34
823.34,2.304
823.36,2.275
823.37,2.263
823.39,2.245
823.41,2.234
823.42,2.231
823.44,2.232
823.45,2.235
823.47,2.247
823.49,2.266
823.5,2.279
823.52,2.312
823.54,2.353
823.55,2.377
823.57,2.432
823.59,2.497
823.6,2.533
823.62,2.614
823.64,2.706
823.65,2.756
823.67,2.866
823.69,2.99
823.7,3.057
823.72,3.201
823.74,3.361
823.75,3.447
823.77,3.631
823.79,3.833
823.8,3.942
823.82,4.173
823.83,4.296
823.85,4.559
823.87,4.844
823.88,4.995
823.9,5.316
823.92,5.663
823.93,5.846
823.95,6.234
823.97,6.651
823.98,6.87
824.0,7.333
824.02,7.828
824.03,8.087
824.05,8.632
824.07,9.213
824.08,9.517
824.1,10.15
824.12,10.82
824.13,11.18
824.15,11.91
824.17,12.68
824.18,13.08
824.2,13.91
824.21,14.34
824.23,15.23
824.25,16.17
824.26,16.65
824.28,17.65
824.3,18.68
824.31,19.22
824.33,20.31
824.35,21.45
824.36,22.03
824.38,23.22
824.4,24.45
824.41,25.08
824.43,26.35
824.45,27.66
824.46,28.33
824.48,29.68
824.5,31.06
824.51,31.76
824.53,33.17
824.55,34.59
824.56,35.31
824.58,36.76
824.59,37.48
824.61,38.94
824.63,40.4
824.64,41.14
824.66,42.59
824.68,44.04
824.69,44.76
824.71,46.19
824.73,47.6
824.74,48.3
824.76,49.67
824.78,51.02
824.79,51.68
824.81,52.96
824.83,54.21
824.84,54.82
824.86,55.99
824.88,57.11
824.89,57.65
824.91,58.69
824.92,59.18
824.94,60.12
824.96,60.99
824.97,61.4
824.99,62.16
825.01,62.84
825.02,63.15
825.04,63.72
825.06,64.2
825.07,64.41
825.09,64.77
825.11,65.04
825.12,65.14
825.14,65.28
825.16,65.33
825.17,65.32
825.19,65.24
825.21,65.07
825.22,64.96
825.24,64.66
825.26,64.28
825.27,64.06
825.29,63.56
825.3,63.27
825.32,62.65
825.34,61.96
825.35,61.58
825.37,60.77
825.39,59.9
825.4,59.44
825.42,58.47
825.44,57.45
825.45,56.91
825.47,55.81
825.49,54.65
825.5,54.06
825.52,52.84
825.54,51.58
825.55,50.94
825.57,49.63
825.59,48.29
825.6,47.62
825.62,46.25
825.64,44.87
825.65,44.17
825.67,42.77
825.68,42.07
825.7,40.66
825.72,39.25
825.73,38.54
825.75,37.14
825.77,35.74
825.78,35.05
825.8,33.67
825.82,32.31
825.83,31.64
825.85,30.3
825.87,28.99
825.88,28.35
825.9,27.07
825.92,25.82
825.93,25.21
825.95,24.01
825.97,22.84
825.98,22.26
826.0,21.14
826.02,20.05
826.03,19.52
826.05,18.49
826.06,17.98
826.08,17.0
826.1,16.05
826.11,15.59
826.13,14.7
826.15,13.84
826.16,13.43
826.18,12.62
826.2,11.86
826.21,11.49
826.23,10.77
826.25,10.09
826.26,9.758
826.28,9.125
826.3,8.525
826.31,8.236
826.33,7.681
826.35,7.157
826.36,6.905
826.38,6.423
826.39,6.193
826.41,5.751
826.43,5.336
826.44,5.138
826.46,4.759
826.48,4.404
826.49,4.235
826.51,3.913
826.53,3.611
826.54,3.468
826.56,3.196
826.58,2.942
826.59,2.822
826.61,2.594
826.63,2.381
826.64,2.281
826.66,2.091
826.68,1.915
826.69,1.832
826.71,1.675
826.73,1.53
826.74,1.462
826.76,1.333
826.77,1.273
826.79,1.159
826.81,1.054
826.82,1.005
826.84,0.9127
826.86,0.8281
826.87,0.7885
826.89,0.7142
826.91,0.6463
826.92,0.6146
826.94,0.5553
826.96,0.5012
826.97,0.476
826.99,0.429
827.01,0.3862
827.02,0.3663
827.04,0.3293
827.06,0.2958
827.07,0.2802
827.09,0.2513
827.11,0.2252
827.12,0.2131
827.14,0.1908
827.15,0.1804
827.17,0.1613
827.19,0.1441
827.2,0.1362
827.22,0.1216
827.24,0.1086
827.25,0.1026
827.27,0.09155
827.29,0.08173
827.3,0.07723
827.32,0.06901
827.34,0.06173
827.35,0.05842
827.37,0.05239
827.39,0.04709
827.4,0.0447
827.42,0.04039
827.44,0.03665
827.45,0.03498
827.47,0.03201
827.48,0.0307
827.5,0.02839
827.52,0.02649
827.53,0.02567
827.55,0.0243
827.57,0.02325
827.58,0.02283
827.6,0.02222
827.62,0.02187
827.63,0.02179
827.65,0.02182
827.67,0.02207
827.68,0.02228
827.7,0.02286
827.72,0.02364
827.73,0.02411
827.75,0.02519
827.77,0.02646
827.78,0.02717
827.8,0.02873
827.82,0.03047
827.83,0.03141
827.85,0.03343
827.86,0.03451
827.88,0.03681
827.9,0.0393
827.91,0.04061
827.93,0.04338
827.95,0.04634
827.96,0.04789
827.98,0.05114
828.0,0.05458
828.01,0.05637
828.03,0.0601
828.05,0.06403
828.06,0.06607
828.08,0.07029
828.1,0.07471
828.11,0.07699
828.13,0.08171
828.15,0.08661
828.16,0.08914
828.18,0.09432
828.2,0.0997
828.21,0.1025
828.23,0.1081
828.24,0.111
828.26,0.1169
828.28,0.1229
828.29,0.126
828.31,0.1323
828.33,0.1387
828.34,0.142
828.36,0.1485
828.38,0.1552
828.39,0.1586
828.41,0.1655
828.43,0.1724
828.44,0.1758
828.46,0.1828
828.48,0.1898
828.49,0.1933
828.51,0.2003
828.53,0.2073
828.54,0.2108
828.56,0.2177
828.58,0.2245
828.59,0.2279
828.61,0.2346
828.62,0.2379
828.64,0.2445
828.66,0.2508
828.67,0.2539
828.69,0.26
828.71,0.2659
828.72,0.2688
828.74,0.2743
828.76,0.2796
828.77,0.2821
828.79,0.287
828.81,0.2916
828.82,0.2937
828.84,0.2978
828.86,0.3016
828.87,0.3034
828.89,0.3066
828.91,0.3096
828.92,0.3109
828.94,0.3132
828.95,0.3143
828.97,0.3161
828.99,0.3175
829.0,0.3181
829.02,0.319
829.04,0.3196
829.05,0.3197
829.07,0.3197
829.09,0.3193
829.1,0.3191
829.12,0.3182
829.14,0.3171
829.15,0.3164
829.17,0.3149
829.19,0.313
829.2,0.3121
829.22,0.3099
829.24,0.3076
829.25,0.3063
829.27,0.3037
829.29,0.301
829.3,0.2997
829.32,0.2968
829.33,0.2954
829.35,0.2926
829.37,0.2897
829.38,0.2883
829.4,0.2856
829.42,0.283
829.43,0.2818
829.45,0.2794
829.47,0.2773
829.48,0.2764
829.5,0.2747
829.52,0.2733
829.53,0.2728
829.55,0.272
829.57,0.2717
829.58,0.2717
829.6,0.2722
829.62,0.2732
829.63,0.2739
829.65,0.2758
829.67,0.2784
829.68,0.2799
829.7,0.2836
829.71,0.2857
829.73,0.2906
829.75,0.2963
829.76,0.2994
829.78,0.3064
829.8,0.3143
829.81,0.3186
829.83,0.328
829.85,0.3384
829.86,0.344
829.88,0.3559
829.9,0.3689
829.91,0.3758
829.93,0.3905
829.95,0.4063
829.96,0.4146
829.98,0.4321
830.0,0.4507
830.01,0.4605
830.03,0.4809
830.05,0.5025
830.06,0.5137
830.08,0.537
830.09,0.5491
830.11,0.5741
830.13,0.6003
830.14,0.6138
830.16,0.6416
830.18,0.6706
830.19,0.6854
830.21,0.7159
830.23,0.7474
830.24,0.7634
830.26,0.7963
830.28,0.8301
830.29,0.8473
830.31,0.8823
830.33,0.918
830.34,0.9361
830.36,0.9728
830.38,1.01
830.39,1.029
830.41,1.067
830.42,1.086
830.44,1.125
830.46,1.163
830.47,1.183
830.49,1.222
830.51,1.261
830.52,1.28
830.54,1.319
830.56,1.357
830.57,1.376
830.59,1.414
830.61,1.452
830.62,1.47
830.64,1.507
830.66,1.542
830.67,1.56
830.69,1.594
830.71,1.628
830.72,1.644
830.74,1.676
830.76,1.706
830.77,1.721
830.79,1.749
830.8,1.762
830.82,1.788
830.84,1.812
830.85,1.824
830.87,1.846
830.89,1.865
830.9,1.874
830.92,1.891
830.94,1.906
830.95,1.913
830.97,1.925
830.99,1.934
831.0,1.938
831.02,1.945
831.04,1.949
831.05,1.951
831.07,1.952
831.09,1.95
831.1,1.949
831.12,1.944
831.14,1.938
831.15,1.934
831.17,1.924
831.18,1.918
831.2,1.905
831.22,1.89
831.23,1.882
831.25,1.864
831.27,1.845
831.28,1.834
831.3,1.812
831.32,1.788
831.33,1.775
831.35,1.749
831.37,1.722
831.38,1.707
831.4,1.678
831.42,1.648
831.43,1.632
831.45,1.6
831.47,1.568
831.48,1.551
831.5,1.517
831.52,1.484
831.53,1.466
831.55,1.432
831.56,1.415
831.58,1.38
831.6,1.346
831.61,1.329
831.63,1.295
831.65,1.261
831.66,1.245
831.68,1.212
831.7,1.18
831.71,1.164
831.73,1.134
831.75,1.104
831.76,1.09
831.78,1.063
831.8,1.036
831.81,1.024
831.83,0.9995
831.85,0.9769
831.86,0.9663
831.88,0.9463
831.89,0.9369
831.91,0.9195
831.93,0.9041
831.94,0.897
831.96,0.8844
831.98,0.8738
831.99,0.8693
832.01,0.8617
832.03,0.8562
832.04,0.8543
832.06,0.8519
832.08,0.8515
832.09,0.8521
832.11,0.8549
832.13,0.8596
832.14,0.8628
832.16,0.8705
832.18,0.8802
832.19,0.8857
832.21,0.8982
832.23,0.9124
832.24,0.9202
832.26,0.937
832.27,0.946
832.29,0.9651
832.31,0.9857
832.32,0.9964
832.34,1.019
832.36,1.043
832.37,1.055
832.39,1.08
832.41,1.106
832.42,1.12
832.44,1.147
832.46,1.175
832.47,1.189
832.49,1.217
832.51,1.245
832.52,1.26
832.54,1.288
832.56,1.317
832.57,1.331
832.59,1.359
832.61,1.386
832.62,1.399
832.64,1.426
832.65,1.439
832.67,1.464
832.69,1.488
832.7,1.5
832.72,1.522
832.74,1.544
832.75,1.554
832.77,1.573
832.79,1.591
832.8,1.599
832.82,1.614
832.84,1.628
832.85,1.634
832.87,1.645
832.89,1.654
832.9,1.658
832.92,1.665
832.94,1.669
832.95,1.671
832.97,1.673
832.99,1.673
833.0,1.673
833.02,1.67
833.03,1.668
833.05,1.663
833.07,1.656
833.08,1.652
833.1,1.643
833.12,1.632
833.13,1.626
833.15,1.613
833.17,1.599
833.18,1.592
833.2,1.576
833.22,1.56
833.23,1.551
833.25,1.533
833.27,1.514
833.28,1.505
833.3,1.486
833.32,1.466
833.33,1.456
833.35,1.436
833.36,1.427
833.38,1.407
833.4,1.388
833.41,1.378
833.43,1.36
833.45,1.342
833.46,1.333
833.48,1.317
833.5,1.301
833.51,1.294
833.53,1.28
833.55,1.268
833.56,1.263
833.58,1.253
833.6,1.246
833.61,1.243
833.63,1.238
833.65,1.235
833.66,1.235
833.68,1.236
833.7,1.239
833.71,1.242
833.73,1.25
833.74,1.254
833.76,1.266
833.78,1.281
833.79,1.289
833.81,1.308
833.83,1.33
833.84,1.343
833.86,1.37
833.88,1.4
833.89,1.416
833.91,1.451
833.93,1.49
833.94,1.51
833.96,1.554
833.98,1.6
833.99,1.625
834.01,1.676
834.03,1.731
834.04,1.759
834.06,1.819
834.08,1.881
834.09,1.913
834.11,1.98
834.12,2.014
834.14,2.085
834.16,2.158
834.17,2.195
834.19,2.271
834.21,2.35
834.22,2.389
834.24,2.47
834.26,2.553
834.27,2.594
834.29,2.678
834.31,2.763
834.32,2.806
834.34,2.891
834.36,2.977
834.37,3.02
834.39,3.105
834.41,3.19
834.42,3.232
834.44,3.315
834.46,3.396
834.47,3.437
834.49,3.516
834.5,3.554
834.52,3.63
834.54,3.703
834.55,3.738
834.57,3.806
834.59,3.871
834.6,3.902
834.62,3.962
834.64,4.017
834.65,4.043
834.67,4.092
834.69,4.136
834.7,4.157
834.72,4.194
834.74,4.225
834.75,4.239
834.77,4.264
834.79,4.282
834.8,4.29
834.82,4.3
834.83,4.303
834.85,4.306
834.87,4.302
834.88,4.299
834.9,4.287
834.92,4.27
834.93,4.26
834.95,4.235
834.97,4.204
834.98,4.187
835.0,4.15
835.02,4.107
835.03,4.084
835.05,4.034
835.07,3.981
835.08,3.952
835.1,3.892
835.12,3.829
835.13,3.795
835.15,3.727
835.17,3.655
835.18,3.618
835.2,3.542
835.21,3.503
835.23,3.424
835.25,3.342
835.26,3.301
835.28,3.217
835.3,3.132
835.31,3.09
835.33,3.004
835.35,2.917
835.36,2.873
835.38,2.787
835.4,2.7
835.41,2.657
835.43,2.57
835.45,2.485
835.46,2.443
835.48,2.359
835.5,2.276
835.51,2.236
835.53,2.155
835.55,2.076
835.56,2.038
835.58,1.962
835.59,1.924
835.61,1.851
835.63,1.78
835.64,1.746
835.66,1.678
835.68,1.613
835.69,1.581
835.71,1.519
835.73,1.46
835.74,1.431
835.76,1.375
835.78,1.321
835.79,1.295
835.81,1.246
835.83,1.198
835.84,1.175
835.86,1.131
835.88,1.089
835.89,1.069
835.91,1.03
835.93,0.9932
835.94,0.9756
835.96,0.9418
835.97,0.9257
835.99,0.8947
836.01,0.8655
836.02,0.8516
836.04,0.8249
836.06,0.7998
836.07,0.7877
836.09,0.7648
836.11,0.7432
836.12,0.7328
836.14,0.713
836.16,0.6944
836.17,0.6855
836.19,0.6684
836.21,0.6522
836.22,0.6445
836.24,0.6296
836.26,0.6155
836.27,0.6087
836.29,0.5955
836.3,0.5892
836.32,0.577
836.34,0.5652
836.35,0.5595
836.37,0.5484
836.39,0.5377
836.4,0.5324
836.42,0.5222
836.44,0.5122
836.45,0.5073
836.47,0.4977
836.49,0.4882
836.5,0.4836
836.52,0.4743
836.54,0.4652
836.55,0.4607
836.57,0.4518
836.59,0.4429
836.6,0.4385
836.62,0.4297
836.64,0.421
836.65,0.4166
836.67,0.408
836.68,0.4037
836.7,0.3951
836.72,0.3866
836.73,0.3824
836.75,0.3739
836.77,0.3656
836.78,0.3614
836.8,0.3532
836.82,0.345
836.83,0.341
836.85,0.333
836.87,0.3252
836.88,0.3213
836.9,0.3137
836.92,0.3062
836.93,0.3025
836.95,0.2954
836.97,0.2884
836.98,0.285
837.0,0.2784
837.02,0.2721
837.03,0.2691
837.05,0.2632
837.06,0.2604
837.08,0.255
837.1,0.2499
837.11,0.2475
837.13,0.243
837.15,0.2389
837.16,0.237
837.18,0.2336
837.2,0.2306
837.21,0.2292
837.23,0.2269
837.25,0.2251
837.26,0.2244
837.28,0.2233
837.3,0.2228
837.31,0.2227
837.33,0.223
837.35,0.2239
837.36,0.2245
837.38,0.2263
837.39,0.2274
837.41,0.23
837.43,0.2333
837.44,0.2352
837.46,0.2395
837.48,0.2444
837.49,0.2471
837.51,0.253
837.53,0.2596
837.54,0.2631
837.56,0.2707
837.58,0.2791
837.59,0.2835
837.61,0.293
837.63,0.3032
837.64,0.3085
837.66,0.3198
837.68,0.3319
837.69,0.3382
837.71,0.3515
837.73,0.3655
837.74,0.3728
837.76,0.388
837.77,0.396
837.79,0.4124
837.81,0.4297
837.82,0.4386
837.84,0.4571
837.86,0.4765
837.87,0.4865
837.89,0.5071
837.91,0.5286
837.92,0.5396
837.94,0.5624
837.96,0.586
837.97,0.5981
837.99,0.623
838.01,0.6487
838.02,0.6618
838.04,0.6888
838.06,0.7166
838.07,0.7307
838.09,0.7597
838.11,0.7894
838.12,0.8046
838.14,0.8354
838.15,0.8511
838.17,0.883
838.19,0.9155
838.2,0.932
838.22,0.9654
838.24,0.9994
838.25,1.017
838.27,1.051
838.29,1.086
838.3,1.104
838.32,1.14
838.34,1.176
838.35,1.194
838.37,1.23
838.39,1.266
838.4,1.284
838.42,1.32
838.44,1.356
838.45,1.374
838.47,1.41
838.49,1.445
838.5,1.462
838.52,1.496
838.53,1.513
838.55,1.547
838.57,1.579
838.58,1.595
838.6,1.626
838.62,1.657
838.63,1.671
838.65,1.699
838.67,1.726
838.68,1.739
838.7,1.764
838.72,1.787
838.73,1.798
838.75,1.819
838.77,1.838
838.78,1.846
838.8,1.862
838.82,1.876
838.83,1.883
838.85,1.894
838.86,1.898
838.88,1.906
838.9,1.911
838.91,1.913
838.93,1.915
838.95,1.915
838.96,1.914
838.98,1.91
839.0,1.904
839.01,1.9
839.03,1.89
839.05,1.879
839.06,1.872
839.08,1.857
839.1,1.839
839.11,1.83
839.13,1.809
839.15,1.787
839.16,1.775
839.18,1.749
839.2,1.722
839.21,1.708
839.23,1.678
839.24,1.662
839.26,1.63
839.28,1.596
839.29,1.579
839.31,1.543
839.33,1.507
839.34,1.488
839.36,1.449
839.38,1.41
839.39,1.39
839.41,1.35
839.43,1.309
839.44,1.289
839.46,1.248
839.48,1.206
839.49,1.185
839.51,1.143
839.53,1.101
839.54,1.081
839.56,1.039
839.58,0.9979
839.59,0.9774
839.61,0.9368
839.62,0.9167
839.64,0.8769
839.66,0.8377
839.67,0.8184
839.69,0.7804
839.71,0.7432
839.72,0.7249
839.74,0.689
839.76,0.6541
839.77,0.637
839.79,0.6037
839.81,0.5713
839.82,0.5556
839.84,0.5249
839.86,0.4954
839.87,0.481
839.89,0.4532
839.91,0.4266
839.92,0.4137
839.94,0.3888
839.96,0.365
839.97,0.3536
839.99,0.3316
840.0,0.321
840.02,0.3007
840.04,0.2816
840.05,0.2724
840.07,0.2549
840.09,0.2384
840.1,0.2306
840.12,0.2157
840.14,0.2018
840.15,0.1952
840.17,0.1828
840.19,0.1713
840.2,0.1659
840.22,0.1558
840.24,0.1465
840.25,0.1422
840.27,0.1341
840.29,0.1269
840.3,0.1235
840.32,0.1174
840.33,0.1146
840.35,0.1095
840.37,0.1051
840.38,0.1032
840.4,0.09972
840.42,0.09687
840.43,0.09567
840.45,0.09367
840.47,0.09222
840.48,0.09169
840.5,0.09101
840.52,0.0908
840.53,0.09087
840.55,0.09135
840.57,0.09225
840.58,0.09286
840.6,0.09437
840.62,0.09625
840.63,0.09733
840.65,0.09974
840.67,0.1025
840.68,0.104
840.7,0.1072
840.71,0.1089
840.73,0.1125
840.75,0.1164
840.76,0.1184
840.78,0.1227
840.8,0.1271
840.81,0.1294
840.83,0.1342
840.85,0.1391
840.86,0.1416
840.88,0.1467
840.9,0.152
840.91,0.1546
840.93,0.16
840.95,0.1655
840.96,0.1683
840.98,0.1738
841.0,0.1794
841.01,0.1822
841.03,0.1878
841.05,0.1934
841.06,0.1961
841.08,0.2017
841.09,0.2044
841.11,0.2098
841.13,0.2152
841.14,0.2178
841.16,0.223
841.18,0.2281
841.19,0.2305
841.21,0.2354
841.23,0.2401
841.24,0.2424
841.26,0.2468
841.28,0.251
841.29,0.2531
841.31,0.2571
841.33,0.2608
841.34,0.2626
841.36,0.2661
841.38,0.2693
841.39,0.2708
841.41,0.2737
841.43,0.2764
841.44,0.2777
841.46,0.28
841.47,0.2811
841.49,0.2832
841.51,0.2851
841.52,0.2859
841.54,0.2875
841.56,0.289
841.57,0.2896
841.59,0.2908
841.61,0.2919
841.62,0.2924
841.64,0.2933
841.66,0.2941
841.67,0.2945
841.69,0.2953
841.71,0.296
841.72,0.2963
841.74,0.297
841.76,0.2977
841.77,0.298
841.79,0.2988
841.8,0.2992
841.82,0.3001
841.84,0.3011
841.85,0.3017
841.87,0.3029
841.89,0.3043
841.9,0.3051
841.92,0.3068
841.94,0.3087
841.95,0.3098
841.97,0.3121
841.99,0.3147
842.0,0.3161
842.02,0.3192
842.04,0.3225
842.05,0.3244
842.07,0.3283
842.09,0.3325
842.1,0.3348
842.12,0.3396
842.14,0.3449
842.15,0.3476
842.17,0.3535
842.18,0.3565
842.2,0.363
842.22,0.3699
842.23,0.3735
842.25,0.3811
842.27,0.3891
842.28,0.3932
842.3,0.4019
842.32,0.411
842.33,0.4157
842.35,0.4254
842.37,0.4356
842.38,0.4409
842.4,0.4518
842.42,0.4631
842.43,0.4689
842.45,0.4809
842.47,0.4933
842.48,0.4997
842.5,0.5127
842.52,0.5262
842.53,0.5331
842.55,0.5473
842.56,0.5545
842.58,0.5693
842.6,0.5845
842.61,0.5922
842.63,0.6081
842.65,0.6244
842.66,0.6327
842.68,0.6496
842.7,0.6669
842.71,0.6757
842.73,0.6937
842.75,0.712
842.76,0.7214
842.78,0.7404
842.8,0.7598
842.81,0.7697
842.83,0.7897
842.85,0.8101
842.86,0.8205
842.88,0.8415
842.9,0.8629
842.91,0.8738
842.93,0.8957
842.94,0.9068
842.96,0.9293
842.98,0.9521
842.99,0.9636
843.01,0.9869
843.03,1.01
843.04,1.022
843.06,1.046
843.08,1.07
843.09,1.082
843.11,1.106
843.13,1.131
843.14,1.143
843.16,1.167
843.18,1.192
843.19,1.204
843.21,1.228
843.23,1.252
843.24,1.264
843.26,1.288
843.27,1.299
843.29,1.322
843.31,1.345
843.32,1.356
843.34,1.378
843.36,1.399
843.37,1.41
843.39,1.43
843.41,1.449
843.42,1.458
843.44,1.476
843.46,1.493
843.47,1.501
843.49,1.516
843.51,1.53
843.52,1.536
843.54,1.548
843.56,1.559
843.57,1.564
843.59,1.572
843.61,1.579
843.62,1.582
843.64,1.586
843.65,1.588
843.67,1.59
843.69,1.59
843.7,1.589
843.72,1.587
843.74,1.583
843.75,1.58
843.77,1.573
843.79,1.565
843.8,1.56
843.82,1.549
843.84,1.536
843.85,1.529
843.87,1.514
843.89,1.497
843.9,1.487
843.92,1.468
843.94,1.447
843.95,1.436
843.97,1.413
843.99,1.389
844.0,1.376
844.02,1.35
844.03,1.336
844.05,1.308
844.07,1.279
844.08,1.264
844.1,1.234
844.12,1.202
844.13,1.186
844.15,1.154
844.17,1.121
844.18,1.105
844.2,1.071
844.22,1.037
844.23,1.02
844.25,0.9863
844.27,0.9522
844.28,0.9351
844.3,0.9009
844.32,0.8669
844.33,0.85
844.35,0.8163
844.37,0.783
844.38,0.7665
844.4,0.7338
844.41,0.7177
844.43,0.6858
844.45,0.6545
844.46,0.6391
844.48,0.6088
844.5,0.5793
844.51,0.5648
844.53,0.5364
844.55,0.5089
844.56,0.4954
844.58,0.4692
844.6,0.4438
844.61,0.4315
844.63,0.4075
844.65,0.3844
844.66,0.3733
844.68,0.3516
844.7,0.3309
844.71,0.3208
844.73,0.3015
844.74,0.2922
844.76,0.2742
844.78,0.2572
844.79,0.249
844.81,0.2333
844.83,0.2184
844.84,0.2113
844.86,0.1977
844.88,0.1848
844.89,0.1787
844.91,0.167
844.93,0.1561
844.94,0.1509
844.96,0.141
844.98,0.1318
844.99,0.1274
845.01,0.1191
845.03,0.1114
845.04,0.1078
845.06,0.1009
845.08,0.09453
845.09,0.09153
845.11,0.08588
845.12,0.08323
845.14,0.07824
845.16,0.07366
845.17,0.07151
845.19,0.06749
845.21,0.06381
845.22,0.0621
845.24,0.0589
845.26,0.05599
845.27,0.05464
845.29,0.05213
845.31,0.04987
845.32,0.04882
845.34,0.0469
845.36,0.04519
845.37,0.04441
845.39,0.043
845.41,0.04176
845.42,0.04121
845.44,0.04023
845.46,0.03941
845.47,0.03906
845.49,0.03848
845.5,0.03825
845.52,0.03789
845.54,0.03768
845.55,0.03764
845.57,0.03765
845.59,0.03781
845.6,0.03795
845.62,0.03834
845.64,0.03889
845.65,0.03923
845.67,0.04002
845.69,0.04098
845.7,0.04152
845.72,0.04275
845.74,0.04416
845.75,0.04494
845.77,0.04664
845.79,0.04856
845.8,0.04959
845.82,0.05184
845.84,0.05431
845.85,0.05564
845.87,0.05848
845.88,0.06
845.9,0.06323
845.92,0.06673
845.93,0.06858
845.95,0.07251
845.97,0.07673
845.98,0.07895
846.0,0.08363
846.02,0.08863
846.03,0.09125
846.05,0.09674
846.07,0.1026
846.08,0.1056
846.1,0.1119
846.12,0.1186
846.13,0.1221
846.15,0.1293
846.17,0.1368
846.18,0.1407
846.2,0.1488
846.21,0.1529
846.23,0.1615
846.25,0.1704
846.26,0.175
846.28,0.1844
846.3,0.1941
846.31,0.1991
846.33,0.2093
846.35,0.2197
846.36,0.2251
846.38,0.2359
846.4,0.247
846.41,0.2526
846.43,0.264
846.45,0.2755
846.46,0.2814
846.48,0.2931
846.5,0.305
846.51,0.311
846.53,0.323
846.55,0.335
846.56,0.341
846.58,0.353
846.59,0.3589
846.61,0.3708
846.63,0.3826
846.64,0.3884
846.66,0.4
846.68,0.4113
846.69,0.4169
846.71,0.4278
846.73,0.4384
846.74,0.4436
846.76,0.4537
846.78,0.4634
846.79,0.4681
846.81,0.4771
846.83,0.4857
846.84,0.4898
846.86,0.4975
846.88,0.5047
846.89,0.5081
846.91,0.5143
846.93,0.52
846.94,0.5226
846.96,0.5272
846.97,0.5293
846.99,0.5329
847.01,0.5358
847.02,0.537
847.04,0.5388
847.06,0.5399
847.07,0.5401
847.09,0.5401
847.11,0.5394
847.12,0.5387
847.14,0.5368
847.16,0.5343
847.17,0.5327
847.19,0.5291
847.21,0.5248
847.22,0.5224
847.24,0.5172
847.26,0.5113
847.27,0.5081
847.29,0.5013
847.3,0.4978
847.32,0.4902
847.34,0.4822
847.35,0.478
847.37,0.4694
847.39,0.4603
847.4,0.4557
847.42,0.4463
847.44,0.4366
847.45,0.4317
847.47,0.4217
847.49,0.4118
847.5,0.4068
847.52,0.3969
847.54,0.3871
847.55,0.3823
847.57,0.3729
847.59,0.3638
847.6,0.3595
847.62,0.3512
847.64,0.3435
847.65,0.34
847.67,0.3337
847.68,0.3308
847.7,0.3261
847.72,0.3226
847.73,0.3215
847.75,0.3203
847.77,0.3211
847.78,0.3222
847.8,0.3263
847.82,0.3329
847.83,0.3373
847.85,0.3484
847.87,0.3631
847.88,0.3719
847.9,0.3928
847.92,0.4185
847.93,0.4334
847.95,0.4675
847.97,0.508
847.98,0.5309
848.0,0.5827
848.02,0.6431
848.03,0.6768
848.05,0.7521
848.06,0.794
848.08,0.887
848.1,0.9935
848.11,1.052
848.13,1.182
848.15,1.329
848.16,1.41
848.18,1.588
848.2,1.788
848.21,1.898
848.23,2.137
848.25,2.406
848.26,2.553
848.28,2.872
848.3,3.229
848.31,3.422
848.33,3.842
848.35,4.309
848.36,4.562
848.38,5.109
848.4,5.715
848.41,6.041
848.43,6.746
848.44,7.125
848.46,7.941
848.48,8.84
848.49,9.322
848.51,10.36
848.53,11.49
848.54,12.1
848.56,13.4
848.58,14.82
848.59,15.58
848.61,17.19
848.63,18.95
848.64,19.88
848.66,21.87
848.68,24.03
848.69,25.17
848.71,27.59
848.73,30.21
848.74,31.59
848.76,34.52
848.77,36.06
848.79,39.32
848.81,42.81
848.82,44.65
848.84,48.52
848.86,52.65
848.87,54.82
848.89,59.36
848.91,64.2
848.92,66.72
848.94,72.01
848.96,77.61
848.97,80.53
848.99,86.61
849.01,93.02
849.02,96.36
849.04,103.3
849.06,110.6
849.07,114.3
849.09,122.1
849.11,130.3
849.12,134.5
849.14,143.1
849.15,147.6
849.17,156.8
849.19,166.4
849.2,171.3
849.22,181.3
849.24,191.7
849.25,197.0
849.27,207.9
849.29,219.0
849.3,224.7
849.32,236.3
849.34,248.1
849.35,254.1
849.37,266.3
849.39,278.7
849.4,284.9
849.42,297.6
849.44,310.3
849.45,316.8
849.47,329.7
849.49,342.6
849.5,349.1
849.52,362.1
849.53,368.6
849.55,381.5
849.57,394.4
849.58,400.8
849.6,413.4
849.62,425.9
849.63,432.0
849.65,444.1
849.67,456.0
849.68,461.7
849.7,473.1
849.72,484.0
849.73,489.3
849.75,499.6
849.77,509.4
849.78,514.1
849.8,523.2
849.82,531.6
849.83,535.6
849.85,543.2
849.87,550.1
849.88,553.3
849.9,559.2
849.91,561.8
849.93,566.7
849.95,570.8
849.96,572.5
849.98,575.5
850.0,577.6
850.01,578.4
850.03,579.4
850.05,579.7
850.06,579.5
850.08,578.5
850.1,576.8
850.11,575.6
850.13,572.7
850.15,569.1
850.16,567.0
850.18,562.2
850.2,556.7
850.21,553.7
850.23,547.2
850.24,543.7
850.26,536.3
850.28,528.2
850.29,523.9
850.31,515.0
850.33,505.5
850.34,500.6
850.36,490.4
850.38,479.8
850.39,474.3
850.41,463.1
850.43,451.6
850.44,445.7
850.46,433.7
850.48,421.5
850.49,415.3
850.51,402.7
850.53,390.1
850.54,383.7
850.56,370.9
850.58,358.1
850.59,351.6
850.61,338.8
850.62,332.4
850.64,319.6
850.66,306.9
850.67,300.6
850.69,288.1
850.71,275.7
850.72,269.6
850.74,257.5
850.76,245.7
850.77,239.9
850.79,228.4
850.81,217.2
850.82,211.7
850.84,200.9
850.86,190.4
850.87,185.3
850.89,175.3
850.91,165.6
850.92,160.9
850.94,151.7
850.96,142.9
850.97,138.6
850.99,130.3
851.0,126.3
851.02,118.5
851.04,111.0
851.05,107.4
851.07,100.5
851.09,93.88
851.1,90.7
851.12,84.58
851.14,78.77
851.15,75.99
851.17,70.65
851.19,65.6
851.2,63.19
851.22,58.58
851.24,54.24
851.25,52.16
851.27,48.22
851.29,44.51
851.3,42.75
851.32,39.41
851.34,36.28
851.35,34.8
851.37,31.98
851.38,30.65
851.4,28.13
851.42,25.79
851.43,24.68
851.45,22.6
851.47,20.66
851.48,19.75
851.5,18.04
851.52,16.46
851.53,15.71
851.55,14.32
851.57,13.04
851.58,12.43
851.6,11.31
851.62,10.28
851.63,9.793
851.65,8.891
851.67,8.068
851.68,7.683
851.7,6.967
851.71,6.634
851.73,6.013
851.75,5.449
851.76,5.188
851.78,4.702
851.8,4.264
851.81,4.061
851.83,3.686
851.85,3.349
851.86,3.195
851.88,2.91
851.9,2.657
851.91,2.541
851.93,2.331
851.95,2.147
851.96,2.064
851.98,1.917
852.0,1.792
852.01,1.738
852.03,1.645
852.05,1.574
852.06,1.545
852.08,1.505
852.09,1.492
852.11,1.482
852.13,1.493
852.14,1.507
852.16,1.552
852.18,1.62
852.19,1.664
852.21,1.772
852.23,1.909
852.24,1.99
852.26,2.175
852.28,2.398
852.29,2.524
852.31,2.81
852.33,3.143
852.34,3.329
852.36,3.745
852.38,4.224
852.39,4.489
852.41,5.077
852.43,5.749
852.44,6.119
852.46,6.935
852.47,7.383
852.49,8.369
852.51,9.485
852.52,10.1
852.54,11.43
852.56,12.94
852.57,13.77
852.59,15.57
852.61,17.58
852.62,18.68
852.64,21.07
852.66,23.75
852.67,25.2
852.69,28.35
852.71,31.86
852.72,33.76
852.74,37.87
852.76,42.43
852.77,44.89
852.79,50.21
852.81,56.08
852.82,59.24
852.84,66.05
852.85,69.71
852.87,77.56
852.89,86.2
852.9,90.82
852.92,100.7
852.94,111.6
852.95,117.4
852.97,129.8
852.99,143.3
853.0,150.4
853.02,165.8
853.04,182.4
853.05,191.2
853.07,210.0
853.09,230.3
853.1,241.1
853.12,263.8
853.14,288.4
853.15,301.3
853.17,328.7
853.18,343.1
853.2,373.5
853.22,406.1
853.23,423.2
853.25,459.1
853.27,497.4
853.28,517.5
853.3,559.6
853.32,604.2
853.33,627.6
853.35,676.3
853.37,727.8
853.38,754.6
853.4,810.4
853.42,869.2
853.43,899.7
853.45,962.9
853.47,1029.0
853.48,1064.0
853.5,1135.0
853.52,1209.0
853.53,1247.0
853.55,1325.0
853.56,1366.0
853.58,1449.0
853.6,1535.0
853.61,1579.0
853.63,1670.0
853.65,1763.0
853.66,1811.0
853.68,1908.0
853.7,2008.0
853.71,2059.0
853.73,2162.0
853.75,2268.0
853.76,2321.0
853.78,2429.0
853.8,2539.0
853.81,2594.0
853.83,2706.0
853.85,2819.0
853.86,2875.0
853.88,2989.0
853.9,3103.0
853.91,3160.0
853.93,3274.0
853.94,3330.0
853.96,3443.0
853.98,3555.0
853.99,3610.0
854.01,3720.0
854.03,3828.0
854.04,3881.0
854.06,3985.0
854.08,4087.0
854.09,4136.0
854.11,4233.0
854.13,4326.0
854.14,4371.0
854.16,4458.0
854.18,4541.0
854.19,4580.0
854.21,4656.0
854.23,4726.0
854.24,4759.0
854.26,4821.0
854.28,4877.0
854.29,4903.0
854.31,4949.0
854.32,4971.0
854.34,5008.0
854.36,5039.0
854.37,5051.0
854.39,5072.0
854.41,5086.0
854.42,5090.0
854.44,5094.0
854.46,5090.0
854.47,5086.0
854.49,5072.0
854.51,5051.0
854.52,5039.0
854.54,5008.0
854.56,4971.0
854.57,4949.0
854.59,4903.0
854.61,4850.0
854.62,4821.0
854.64,4759.0
854.65,4726.0
854.67,4656.0
854.69,4580.0
854.7,4541.0
854.72,4458.0
854.74,4371.0
854.75,4326.0
854.77,4233.0
854.79,4136.0
854.8,4087.0
854.82,3985.0
854.84,3881.0
854.85,3828.0
854.87,3720.0
854.89,3610.0
854.9,3555.0
854.92,3443.0
854.94,3330.0
854.95,3274.0
854.97,3160.0
854.99,3046.0
855.0,2989.0
855.02,2875.0
855.03,2819.0
855.05,2706.0
855.07,2594.0
855.08,2539.0
855.1,2429.0
855.12,2321.0
855.13,2268.0
855.15,2162.0
855.17,2059.0
855.18,2008.0
855.2,1908.0
855.22,1811.0
855.23,1763.0
855.25,1670.0
855.27,1579.0
855.28,1535.0
855.3,1449.0
855.32,1366.0
855.33,1325.0
855.35,1247.0
855.37,1171.0
855.38,1134.0
855.4,1063.0
855.41,1029.0
855.43,962.7
855.45,899.4
855.46,868.9
855.48,810.2
855.5,754.3
855.51,727.5
855.53,676.0
855.55,627.3
855.56,604.0
855.58,559.3
855.6,517.2
855.61,497.1
855.63,458.8
855.65,422.9
855.66,405.8
855.68,373.2
855.7,342.8
855.71,328.4
855.73,301.0
855.75,275.5
855.76,263.5
855.78,240.7
855.79,229.9
855.81,209.6
855.83,190.9
855.84,182.0
855.86,165.4
855.88,150.1
855.89,142.9
855.91,129.4
855.93,117.0
855.94,111.2
855.96,100.3
855.98,90.42
855.99,85.79
856.01,77.16
856.03,69.3
856.04,65.64
856.06,58.84
856.08,52.67
856.09,49.8
856.11,44.49
856.12,42.02
856.14,37.46
856.16,33.35
856.17,31.45
856.19,27.94
856.21,24.79
856.22,23.34
856.24,20.67
856.26,18.27
856.27,17.17
856.29,15.15
856.31,13.35
856.32,12.53
856.34,11.02
856.36,9.677
856.37,9.065
856.39,7.945
856.41,6.954
856.42,6.502
856.44,5.68
856.46,4.955
856.47,4.625
856.49,4.027
856.5,3.755
856.52,3.262
856.54,2.831
856.55,2.635
856.57,2.282
856.59,1.973
856.6,1.834
856.62,1.583
856.64,1.364
856.65,1.266
856.67,1.089
856.69,0.9356
856.7,0.8668
856.72,0.7432
856.74,0.6365
856.75,0.5887
856.77,0.5032
856.79,0.4296
856.8,0.3968
856.82,0.3381
856.84,0.2878
856.85,0.2655
856.87,0.2256
856.88,0.2079
856.9,0.1764
856.92,0.1495
856.93,0.1376
856.95,0.1165
856.97,0.09856
856.98,0.09062
857.0,0.07658
857.02,0.06469
857.03,0.05944
857.05,0.05019
857.07,0.04237
857.08,0.03893
857.1,0.03287
857.12,0.02776
857.13,0.02552
857.15,0.02159
857.17,0.01828
857.18,0.01683
857.2,0.01428
857.21,0.01317
857.23,0.01122
857.25,0.009578
857.26,0.008862
857.28,0.007607
857.3,0.006555
857.31,0.006095
857.33,0.005289
857.35,0.004614
857.36,0.004318
857.38,0.003799
857.4,0.003363
857.41,0.003171
857.43,0.002835
857.45,0.002551
857.46,0.002426
857.48,0.002205
857.5,0.002019
857.51,0.001936
857.53,0.00179
857.55,0.001666
857.56,0.001611
857.58,0.001514
857.59,0.001471
857.61,0.001395
857.63,0.00133
857.64,0.001302
857.66,0.001253
857.68,0.001212
857.69,0.001194
857.71,0.001164
857.73,0.001141
857.74,0.001132
857.76,0.001118
857.78,0.00111
857.79,0.001108
857.81,0.001108
857.83,0.001114
857.84,0.001118
857.86,0.001131
857.88,0.001149
857.89,0.00116
857.91,0.001186
857.93,0.001218
857.94,0.001235
857.96,0.001275
857.97,0.001296
857.99,0.001344
858.01,0.001398
858.02,0.001428
858.04,0.001491
858.06,0.001562
858.07,0.001599
858.09,0.00168
858.11,0.001769
858.12,0.001817
858.14,0.001919
858.16,0.00203
858.17,0.002089
858.19,0.002215
858.21,0.002353
858.22,0.002426
858.24,0.002582
858.26,0.002752
858.27,0.002843
858.29,0.003035
858.31,0.003245
858.32,0.003357
858.34,0.003595
858.35,0.003721
858.37,0.003991
858.39,0.004285
858.4,0.004441
858.42,0.004775
858.44,0.005138
858.45,0.005331
858.47,0.005743
858.49,0.006191
858.5,0.00643
858.52,0.006938
858.54,0.00749
858.55,0.007784
858.57,0.008409
858.59,0.009088
858.6,0.009449
858.62,0.01022
858.64,0.01105
858.65,0.01149
858.67,0.01242
858.68,0.01292
858.7,0.01397
858.72,0.01511
858.73,0.01571
858.75,0.01698
858.77,0.01835
858.78,0.01908
858.8,0.0206
858.82,0.02224
858.83,0.02311
858.85,0.02493
858.87,0.02687
858.88,0.0279
858.9,0.03004
858.92,0.03234
858.93,0.03354
858.95,0.03605
858.97,0.03873
858.98,0.04012
859.0,0.04304
859.02,0.04613
859.03,0.04774
859.05,0.05109
859.06,0.05283
859.08,0.05646
859.1,0.06027
859.11,0.06225
859.13,0.06634
859.15,0.07063
859.16,0.07285
859.18,0.07743
859.2,0.0822
859.21,0.08466
859.23,0.08972
859.25,0.09498
859.26,0.09768
859.28,0.1032
859.3,0.1089
859.31,0.1119
859.33,0.1178
859.35,0.124
859.36,0.1271
859.38,0.1335
859.4,0.14
859.41,0.1433
859.43,0.1501
859.44,0.1535
859.46,0.1604
859.48,0.1674
859.49,0.1709
859.51,0.178
859.53,0.1852
859.54,0.1888
859.56,0.196
859.58,0.2032
859.59,0.2068
859.61,0.214
859.63,0.2212
859.64,0.2247
859.66,0.2318
859.68,0.2388
859.69,0.2422
859.71,0.249
859.73,0.2557
859.74,0.2589
859.76,0.2653
859.78,0.2715
859.79,0.2745
859.81,0.2804
859.82,0.2832
859.84,0.2886
859.86,0.2938
859.87,0.2963
859.89,0.301
859.91,0.3054
859.92,0.3074
859.94,0.3113
859.96,0.3147
859.97,0.3163
859.99,0.3192
860.01,0.3217
860.02,0.3228
860.04,0.3247
860.06,0.3261
860.07,0.3267
860.09,0.3275
860.11,0.3278
860.12,0.3278
860.14,0.3275
860.15,0.3272
860.17,0.3263
860.19,0.3249
860.2,0.324
860.22,0.322
860.24,0.3196
860.25,0.3182
860.27,0.3151
860.29,0.3117
860.3,0.3098
860.32,0.3059
860.34,0.3015
860.35,0.2992
860.37,0.2944
860.39,0.2892
860.4,0.2865
860.42,0.281
860.44,0.2751
860.45,0.2721
860.47,0.2659
860.49,0.2595
860.5,0.2563
860.52,0.2496
860.53,0.2462
860.55,0.2393
860.57,0.2323
860.58,0.2288
860.6,0.2217
860.62,0.2145
860.63,0.2108
860.65,0.2036
860.67,0.1963
860.68,0.1927
860.7,0.1854
860.72,0.1782
860.73,0.1746
860.75,0.1674
860.77,0.1604
860.78,0.1569
860.8,0.15
860.82,0.1432
860.83,0.1398
860.85,0.1332
860.87,0.1267
860.88,0.1235
860.9,0.1173
860.91,0.1143
860.93,0.1083
860.95,0.1025
860.96,0.09962
860.98,0.09409
861.0,0.08874
861.01,0.08614
861.03,0.08108
861.05,0.07622
861.06,0.07386
861.08,0.06929
861.1,0.06491
861.11,0.0628
861.13,0.05872
861.15,0.05483
861.16,0.05295
861.18,0.04935
861.2,0.04592
861.21,0.04428
861.23,0.04112
861.25,0.03814
861.26,0.03671
861.28,0.03398
861.29,0.03268
861.31,0.03019
861.33,0.02785
861.34,0.02674
861.36,0.02462
861.38,0.02263
861.39,0.02169
861.41,0.01991
861.43,0.01824
861.44,0.01745
861.46,0.01596
861.48,0.01458
861.49,0.01393
861.51,0.0127
861.53,0.01156
861.54,0.01102
861.56,0.01001
861.58,0.009088
861.59,0.008653
861.61,0.007837
861.62,0.007455
861.64,0.00674
861.66,0.006086
861.67,0.005781
861.69,0.005212
861.71,0.004695
861.72,0.004454
861.74,0.004007
861.76,0.003602
861.77,0.003415
861.79,0.003069
861.81,0.002759
861.82,0.002616
861.84,0.002354
861.86,0.002121
861.87,0.002015
861.89,0.001824
861.91,0.001657
861.92,0.001582
861.94,0.001451
861.96,0.001341
861.97,0.001294
861.99,0.001216
862.0,0.001184
862.02,0.001136
862.04,0.001109
862.05,0.001103
862.07,0.001106
862.09,0.001131
862.1,0.001151
862.12,0.00121
862.14,0.001293
862.15,0.001344
862.17,0.001467
862.19,0.00162
862.2,0.001709
862.22,0.001913
862.24,0.002155
862.25,0.002292
862.27,0.002601
862.29,0.002961
862.3,0.003162
862.32,0.003611
862.34,0.004128
862.35,0.004415
862.37,0.005052
862.38,0.005405
862.4,0.006186
862.42,0.007078
862.43,0.00757
862.45,0.008656
862.47,0.009894
862.48,0.01057
862.5,0.01207
862.52,0.01378
862.53,0.01471
862.55,0.01677
862.57,0.0191
862.58,0.02038
862.6,0.02319
862.62,0.02636
862.63,0.0281
862.65,0.0319
862.67,0.0362
862.68,0.03855
862.7,0.0437
862.72,0.04949
862.73,0.05265
862.75,0.05957
862.76,0.06334
862.78,0.07159
862.8,0.08084
862.81,0.08589
862.83,0.09689
862.85,0.1092
862.86,0.1159
862.88,0.1306
862.9,0.147
862.91,0.1559
862.93,0.1752
862.95,0.1968
862.96,0.2086
862.98,0.2341
863.0,0.2625
863.01,0.278
863.03,0.3114
863.05,0.3487
863.06,0.3688
863.08,0.4125
863.09,0.4361
863.11,0.4872
863.13,0.544
863.14,0.5746
863.16,0.6408
863.18,0.7142
863.19,0.7537
863.21,0.839
863.23,0.9333
863.24,0.984
863.26,1.093
863.28,1.214
863.29,1.279
863.31,1.418
863.33,1.571
863.34,1.653
863.36,1.829
863.38,2.023
863.39,2.126
863.41,2.348
863.43,2.591
863.44,2.721
863.46,2.998
863.47,3.146
863.49,3.462
863.51,3.807
863.52,3.99
863.54,4.381
863.56,4.806
863.57,5.031
863.59,5.511
863.61,6.031
863.62,6.306
863.64,6.891
863.66,7.522
863.67,7.856
863.69,8.563
863.71,9.323
863.72,9.725
863.74,10.57
863.76,11.48
863.77,11.96
863.79,12.97
863.81,14.05
863.82,14.61
863.84,15.8
863.85,16.43
863.87,17.74
863.89,19.13
863.9,19.85
863.92,21.38
863.94,22.99
863.95,23.83
863.97,25.59
863.99,27.44
864.0,28.41
864.02,30.42
864.04,32.53
864.05,33.62
864.07,35.9
864.09,38.28
864.1,39.52
864.12,42.07
864.14,44.74
864.15,46.12
864.17,48.96
864.19,51.91
864.2,53.44
864.22,56.57
864.23,58.18
864.25,61.49
864.27,64.91
864.28,66.66
864.3,70.26
864.32,73.97
864.33,75.86
864.35,79.74
864.37,83.72
864.38,85.75
864.4,89.9
864.42,94.15
864.43,96.31
864.45,100.7
864.47,105.2
864.48,107.5
864.5,112.1
864.52,116.9
864.53,119.3
864.55,124.1
864.56,126.6
864.58,131.6
864.6,136.7
864.61,139.3
864.63,144.6
864.65,149.9
864.66,152.6
864.68,158.1
864.7,163.7
864.71,166.5
864.73,172.3
864.75,178.2
864.76,181.2
864.78,187.3
864.8,193.6
864.81,196.7
864.83,203.3
864.85,210.0
864.86,213.4
864.88,220.4
864.9,227.7
864.91,231.5
864.93,239.2
864.94,243.2
864.96,251.4
864.98,260.0
864.99,264.4
865.01,273.6
865.03,283.2
865.04,288.3
865.06,298.7
865.08,309.7
865.09,315.4
865.11,327.4
865.13,340.0
865.14,346.6
865.16,360.4
865.18,374.9
865.19,382.6
865.21,398.5
865.23,415.4
865.24,424.2
865.26,442.6
865.28,462.1
865.29,472.3
865.31,493.5
865.32,504.6
865.34,527.8
865.36,552.2
865.37,564.9
865.39,591.4
865.41,619.2
865.42,633.7
865.44,663.8
865.46,695.4
865.47,711.7
865.49,745.6
865.51,781.0
865.52,799.3
865.54,837.1
865.56,876.5
865.57,896.7
865.59,938.4
865.61,981.6
865.62,1004.0
865.64,1049.0
865.66,1096.0
865.67,1120.0
865.69,1169.0
865.7,1194.0
865.72,1245.0
865.74,1297.0
865.75,1324.0
865.77,1378.0
865.79,1433.0
865.8,1460.0
865.82,1516.0
865.84,1573.0
865.85,1602.0
865.87,1659.0
865.89,1717.0
865.9,1746.0
865.92,1804.0
865.94,1862.0
865.95,1891.0
865.97,1948.0
865.99,2005.0
866.0,2033.0
866.02,2089.0
866.03,2117.0
866.05,2171.0
866.07,2225.0
866.08,2251.0
866.1,2302.0
866.12,2351.0
866.13,2375.0
866.15,2422.0
866.17,2466.0
866.18,2488.0
866.2,2529.0
866.22,2567.0
866.23,2585.0
866.25,2619.0
866.27,2651.0
866.28,2665.0
866.3,2692.0
866.32,2716.0
866.33,2727.0
866.35,2745.0
866.37,2761.0
866.38,2767.0
866.4,2777.0
866.41,2781.0
866.43,2785.0
866.45,2786.0
866.46,2785.0
866.48,2781.0
866.5,2773.0
866.51,2768.0
866.53,2754.0
866.55,2738.0
866.56,2728.0
866.58,2706.0
866.6,2681.0
866.61,2667.0
866.63,2637.0
866.65,2603.0
866.66,2586.0
866.68,2548.0
866.7,2508.0
866.71,2486.0
866.73,2442.0
866.75,2396.0
866.76,2372.0
866.78,2322.0
866.79,2296.0
866.81,2244.0
866.83,2189.0
866.84,2161.0
866.86,2105.0
866.88,2047.0
866.89,2018.0
866.91,1959.0
866.93,1899.0
866.94,1868.0
866.96,1808.0
866.98,1747.0
866.99,1716.0
867.01,1655.0
867.03,1593.0
867.04,1563.0
867.06,1502.0
867.08,1442.0
867.09,1412.0
867.11,1352.0
867.13,1294.0
867.14,1265.0
867.16,1208.0
867.17,1179.0
867.19,1124.0
867.21,1069.0
867.22,1043.0
867.24,990.3
867.26,939.2
867.27,914.3
867.29,865.5
867.31,818.2
867.32,795.1
867.34,750.2
867.36,706.8
867.37,685.8
867.39,644.9
867.41,605.7
867.42,586.6
867.44,549.9
867.46,514.7
867.47,497.7
867.49,465.0
867.5,449.2
867.52,418.8
867.54,390.0
867.55,376.1
867.57,349.5
867.59,324.4
867.6,312.4
867.62,289.3
867.64,267.6
867.65,257.3
867.67,237.5
867.69,219.0
867.7,210.2
867.72,193.4
867.74,177.8
867.75,170.4
867.77,156.3
867.79,143.2
867.8,137.0
867.82,125.2
867.84,114.4
867.85,109.2
867.87,99.59
867.88,95.04
867.9,86.47
867.92,78.59
867.93,74.88
867.95,67.93
867.97,61.56
867.98,58.58
868.0,53.0
868.02,47.9
868.03,45.52
868.05,41.08
868.07,37.04
868.08,35.16
868.1,31.66
868.12,28.5
868.13,27.03
868.15,24.3
868.17,21.85
868.18,20.71
868.2,18.61
868.22,16.73
868.23,15.86
868.25,14.26
868.26,13.53
868.28,12.18
868.3,10.98
868.31,10.43
868.33,9.428
868.35,8.539
868.36,8.134
868.38,7.397
868.4,6.75
868.41,6.457
868.43,5.927
868.45,5.466
868.46,5.258
868.48,4.886
868.5,4.566
868.51,4.423
868.53,4.17
868.55,3.955
868.56,3.861
868.58,3.696
868.59,3.624
868.61,3.501
868.63,3.4
868.64,3.358
868.66,3.287
868.68,3.232
868.69,3.21
868.71,3.176
868.73,3.154
868.74,3.146
868.76,3.137
868.78,3.135
868.79,3.136
868.81,3.143
868.83,3.154
868.84,3.16
868.86,3.175
868.88,3.192
868.89,3.201
868.91,3.22
868.93,3.239
868.94,3.248
868.96,3.266
868.97,3.275
868.99,3.291
869.01,3.306
869.02,3.312
869.04,3.324
869.06,3.333
869.07,3.337
869.09,3.343
869.11,3.345
869.12,3.346
869.14,3.344
869.16,3.34
869.17,3.337
869.19,3.328
869.21,3.316
869.22,3.309
869.24,3.293
869.26,3.274
869.27,3.263
869.29,3.24
869.31,3.213
869.32,3.199
869.34,3.17
869.35,3.154
869.37,3.12
869.39,3.085
869.4,3.066
869.42,3.028
869.44,2.987
869.45,2.966
869.47,2.924
869.49,2.879
869.5,2.857
869.52,2.811
869.54,2.764
869.55,2.74
869.57,2.692
869.59,2.644
869.6,2.619
869.62,2.57
869.64,2.521
869.65,2.496
869.67,2.447
869.69,2.397
869.7,2.373
869.72,2.324
869.73,2.3
869.75,2.252
869.77,2.205
869.78,2.181
869.8,2.135
869.82,2.089
869.83,2.067
869.85,2.023
869.87,1.98
869.88,1.959
869.9,1.918
869.92,1.877
869.93,1.858
869.95,1.819
869.97,1.782
869.98,1.764
870.0,1.729
870.02,1.695
870.03,1.678
870.05,1.646
870.06,1.63
870.08,1.6
870.1,1.572
870.11,1.558
870.13,1.531
870.15,1.505
870.16,1.493
870.18,1.47
870.2,1.447
870.21,1.437
870.23,1.417
870.25,1.398
870.26,1.389
870.28,1.372
870.3,1.357
870.31,1.349
870.33,1.336
870.35,1.324
870.36,1.318
870.38,1.308
870.4,1.3
870.41,1.296
870.43,1.289
870.44,1.287
870.46,1.282
870.48,1.28
870.49,1.279
870.51,1.278
870.53,1.279
870.54,1.28
870.56,1.283
870.58,1.288
870.59,1.291
870.61,1.298
870.63,1.307
870.64,1.312
870.66,1.323
870.68,1.336
870.69,1.343
870.71,1.358
870.73,1.375
870.74,1.384
870.76,1.404
870.78,1.425
870.79,1.436
870.81,1.46
870.82,1.472
870.84,1.498
870.86,1.525
870.87,1.54
870.89,1.569
870.91,1.601
870.92,1.617
870.94,1.65
870.96,1.685
870.97,1.703
870.99,1.74
871.01,1.777
871.02,1.797
871.04,1.836
871.06,1.877
871.07,1.897
871.09,1.939
871.11,1.981
871.12,2.003
871.14,2.046
871.16,2.09
871.17,2.113
871.19,2.157
871.2,2.179
871.22,2.224
871.24,2.269
871.25,2.292
871.27,2.336
871.29,2.381
871.3,2.403
871.32,2.447
871.34,2.49
871.35,2.511
871.37,2.553
871.39,2.595
871.4,2.615
871.42,2.654
871.44,2.693
871.45,2.712
871.47,2.748
871.49,2.783
871.5,2.8
871.52,2.832
871.53,2.848
871.55,2.878
871.57,2.906
871.58,2.919
871.6,2.943
871.62,2.966
871.63,2.977
871.65,2.996
871.67,3.013
871.68,3.02
871.7,3.033
871.72,3.044
871.73,3.049
871.75,3.055
871.77,3.06
871.78,3.061
871.8,3.061
871.82,3.059
871.83,3.057
871.85,3.051
871.87,3.042
871.88,3.037
871.9,3.025
871.91,3.017
871.93,3.001
871.95,2.982
871.96,2.972
871.98,2.95
872.0,2.925
872.01,2.912
872.03,2.884
872.05,2.855
872.06,2.839
872.08,2.807
872.1,2.773
872.11,2.755
872.13,2.719
872.15,2.681
872.16,2.662
872.18,2.622
872.2,2.582
872.21,2.562
872.23,2.521
872.25,2.479
872.26,2.458
872.28,2.417
872.29,2.396
872.31,2.355
872.33,2.314
872.34,2.293
872.36,2.254
872.38,2.215
872.39,2.196
872.41,2.159
872.43,2.124
872.44,2.107
872.46,2.075
872.48,2.045
872.49,2.03
872.51,2.004
872.53,1.981
872.54,1.97
872.56,1.951
872.58,1.936
872.59,1.929
872.61,1.919
872.63,1.913
872.64,1.911
872.66,1.911
872.67,1.913
872.69,1.92
872.71,1.931
872.72,1.938
872.74,1.957
872.76,1.98
872.77,1.994
872.79,2.025
872.81,2.062
872.82,2.082
872.84,2.126
872.86,2.176
872.87,2.203
872.89,2.262
872.91,2.325
872.92,2.359
872.94,2.431
872.96,2.508
872.97,2.548
872.99,2.634
873.0,2.678
873.02,2.771
873.04,2.869
873.05,2.919
873.07,3.024
873.09,3.133
873.1,3.19
873.12,3.305
873.14,3.425
873.15,3.486
873.17,3.611
873.19,3.739
873.2,3.804
873.22,3.936
873.24,4.07
873.25,4.138
873.27,4.274
873.29,4.412
873.3,4.482
873.32,4.621
873.34,4.76
873.35,4.829
873.37,4.967
873.38,5.036
873.4,5.173
873.42,5.308
873.43,5.374
873.45,5.506
873.47,5.634
873.48,5.697
873.5,5.82
873.52,5.938
873.53,5.996
873.55,6.108
873.57,6.214
873.58,6.265
873.6,6.362
873.62,6.454
873.63,6.497
873.65,6.578
873.67,6.652
873.68,6.686
873.7,6.749
873.72,6.803
873.73,6.828
873.75,6.87
873.76,6.888
873.78,6.918
873.8,6.939
873.81,6.946
873.83,6.954
873.85,6.953
873.86,6.949
873.88,6.934
873.9,6.911
873.91,6.897
873.93,6.86
873.95,6.816
873.96,6.79
873.98,6.733
874.0,6.668
874.01,6.632
874.03,6.556
874.05,6.471
874.06,6.427
874.08,6.332
874.1,6.231
874.11,6.178
874.13,6.067
874.14,6.01
874.16,5.891
874.18,5.767
874.19,5.703
874.21,5.572
874.23,5.438
874.24,5.369
874.26,5.23
874.28,5.087
874.29,5.015
874.31,4.869
874.33,4.721
874.34,4.647
874.36,4.497
874.38,4.347
874.39,4.271
874.41,4.121
874.43,3.971
874.44,3.896
874.46,3.747
874.47,3.672
874.49,3.525
874.51,3.38
874.52,3.308
874.54,3.165
874.56,3.025
874.57,2.956
874.59,2.82
874.61,2.687
874.62,2.621
874.64,2.493
874.66,2.368
874.67,2.307
874.69,2.188
874.71,2.072
874.72,2.015
874.74,1.905
874.76,1.799
874.77,1.748
874.79,1.647
874.81,1.551
874.82,1.505
874.84,1.414
874.85,1.371
874.87,1.287
874.89,1.207
874.9,1.168
874.92,1.094
874.94,1.023
874.95,0.9894
874.97,0.9246
874.99,0.8635
875.0,0.8344
875.02,0.7787
875.04,0.7266
875.05,0.7019
875.07,0.6549
875.09,0.6114
875.1,0.5908
875.12,0.5522
875.14,0.5169
875.15,0.5004
875.17,0.4698
875.19,0.4425
875.2,0.4299
875.22,0.4073
875.23,0.3972
875.25,0.3794
875.27,0.3648
875.28,0.3588
875.3,0.3493
875.32,0.3433
875.33,0.3417
875.35,0.3412
875.37,0.3446
875.38,0.3479
875.4,0.3577
875.42,0.372
875.43,0.381
875.45,0.4029
875.47,0.4304
875.48,0.4463
875.5,0.483
875.52,0.5265
875.53,0.551
875.55,0.606
875.57,0.6697
875.58,0.705
875.6,0.7832
875.61,0.8263
875.63,0.9213
875.65,1.029
875.66,1.088
875.68,1.217
875.7,1.361
875.71,1.44
875.73,1.612
875.75,1.803
875.76,1.907
875.78,2.133
875.8,2.384
875.81,2.519
875.83,2.812
875.85,3.137
875.86,3.311
875.88,3.688
875.9,4.103
875.91,4.327
875.93,4.806
875.94,5.064
875.96,5.616
875.98,6.221
875.99,6.544
876.01,7.237
876.03,7.993
876.04,8.397
876.06,9.258
876.08,10.19
876.09,10.69
876.11,11.75
876.13,12.9
876.14,13.51
876.16,14.81
876.18,16.21
876.19,16.95
876.21,18.51
876.23,20.2
876.24,21.09
876.26,22.97
876.28,24.98
876.29,26.04
876.31,28.27
876.32,29.44
876.34,31.9
876.36,34.52
876.37,35.9
876.39,38.77
876.41,41.83
876.42,43.43
876.44,46.76
876.46,50.28
876.47,52.12
876.49,55.94
876.51,59.97
876.52,62.06
876.54,66.4
876.56,70.96
876.57,73.32
876.59,78.2
876.61,83.3
876.62,85.93
876.64,91.36
876.66,97.01
876.67,99.91
876.69,105.9
876.7,109.0
876.72,115.3
876.74,121.8
876.75,125.1
876.77,131.9
876.79,138.9
876.8,142.5
876.82,149.7
876.84,157.2
876.85,161.0
876.87,168.7
876.89,176.5
876.9,180.4
876.92,188.5
876.94,196.6
876.95,200.7
876.97,208.9
876.99,217.2
877.0,221.4
877.02,229.7
877.03,233.9
877.05,242.3
877.07,250.6
877.08,254.8
877.1,263.0
877.12,271.2
877.13,275.3
877.15,283.3
877.17,291.2
877.18,295.1
877.2,302.8
877.22,310.2
877.23,313.8
877.25,320.9
877.27,327.8
877.28,331.1
877.3,337.5
877.32,343.6
877.33,346.5
877.35,352.1
877.37,357.3
877.38,359.8
877.4,364.4
877.41,366.6
877.43,370.6
877.45,374.1
877.46,375.8
877.48,378.7
877.5,381.1
877.51,382.1
877.53,383.8
877.55,385.1
877.56,385.5
877.58,386.0
877.6,386.0
877.61,385.8
877.63,385.1
877.65,383.9
877.66,383.1
877.68,381.1
877.7,378.7
877.71,377.3
877.73,374.2
877.75,370.6
877.76,368.7
877.78,364.4
877.79,362.2
877.81,357.4
877.83,352.2
877.84,349.4
877.86,343.7
877.88,337.6
877.89,334.4
877.91,327.8
877.93,321.0
877.94,317.5
877.96,310.3
877.98,302.9
877.99,299.1
878.01,291.3
878.03,283.5
878.04,279.5
878.06,271.4
878.08,263.2
878.09,259.1
878.11,250.8
878.13,242.5
878.14,238.3
878.16,229.9
878.17,225.8
878.19,217.5
878.21,209.2
878.22,205.1
878.24,196.9
878.26,188.8
878.27,184.8
878.29,176.9
878.31,169.1
878.32,165.2
878.34,157.7
878.36,150.3
878.37,146.6
878.39,139.5
878.41,132.5
878.42,129.1
878.44,122.5
878.46,116.0
878.47,112.9
878.49,106.7
878.5,103.7
878.52,97.95
878.54,92.37
878.55,89.66
878.57,84.41
878.59,79.39
878.6,76.96
878.62,72.28
878.64,67.81
878.65,65.65
878.67,61.51
878.69,57.58
878.7,55.69
878.72,52.07
878.74,48.64
878.75,47.01
878.77,43.88
878.79,40.93
878.8,39.53
878.82,36.85
878.84,34.35
878.85,33.16
878.87,30.9
878.88,29.83
878.9,27.81
878.92,25.92
878.93,25.04
878.95,23.36
878.97,21.81
878.98,21.08
879.0,19.72
879.02,18.46
879.03,17.87
879.05,16.78
879.07,15.78
879.08,15.31
879.1,14.45
879.12,13.67
879.13,13.31
879.15,12.64
879.17,12.05
879.18,11.78
879.2,11.29
879.22,10.86
879.23,10.66
879.25,10.31
879.26,10.16
879.28,9.889
879.3,9.665
879.31,9.57
879.33,9.412
879.35,9.294
879.36,9.25
879.38,9.191
879.4,9.167
879.41,9.168
879.43,9.196
879.45,9.257
879.46,9.299
879.48,9.408
879.5,9.547
879.51,9.629
879.53,9.814
879.55,10.03
879.56,10.15
879.58,10.41
879.6,10.7
879.61,10.86
879.63,11.2
879.64,11.38
879.66,11.77
879.68,12.18
879.69,12.41
879.71,12.88
879.73,13.38
879.74,13.65
879.76,14.21
879.78,14.8
879.79,15.12
879.81,15.77
879.83,16.46
879.84,16.83
879.86,17.58
879.88,18.38
879.89,18.79
879.91,19.65
879.93,20.55
879.94,21.02
879.96,21.99
879.97,22.49
879.99,23.52
880.01,24.6
880.02,25.16
880.04,26.3
880.06,27.49
880.07,28.1
880.09,29.34
880.11,30.63
880.12,31.29
880.14,32.64
880.16,34.03
880.17,34.73
880.19,36.17
880.21,37.64
880.22,38.38
880.24,39.89
880.26,41.43
880.27,42.2
880.29,43.77
880.31,45.36
880.32,46.15
880.34,47.75
880.35,48.56
880.37,50.17
880.39,51.78
880.4,52.59
880.42,54.19
880.44,55.78
880.45,56.58
880.47,58.15
880.49,59.69
880.5,60.45
880.52,61.96
880.54,63.43
880.55,64.15
880.57,65.55
880.59,66.91
880.6,67.57
880.62,68.85
880.64,70.07
880.65,70.66
880.67,71.78
880.69,72.84
880.7,73.34
880.72,74.28
880.73,74.72
880.75,75.54
880.77,76.27
880.78,76.61
880.8,77.21
880.82,77.72
880.83,77.94
880.85,78.31
880.87,78.59
880.88,78.69
880.9,78.82
880.92,78.84
880.93,78.82
880.95,78.7
880.97,78.49
880.98,78.34
881.0,77.98
881.02,77.52
881.03,77.25
881.05,76.65
881.07,75.96
881.08,75.59
881.1,74.76
881.11,74.32
881.13,73.37
881.15,72.34
881.16,71.8
881.18,70.66
881.2,69.45
881.21,68.83
881.23,67.52
881.25,66.16
881.26,65.45
881.28,64.01
881.3,62.52
881.31,61.76
881.33,60.21
881.35,58.63
881.36,57.83
881.38,56.2
881.4,54.55
881.41,53.72
881.43,52.05
881.44,51.21
881.46,49.52
881.48,47.84
881.49,46.99
881.51,45.31
881.53,43.63
881.54,42.8
881.56,41.14
881.58,39.51
881.59,38.69
881.61,37.09
881.63,35.51
881.64,34.73
881.66,33.2
881.68,31.7
881.69,30.97
881.71,29.52
881.73,28.11
881.74,27.43
881.76,26.08
881.78,24.78
881.79,24.15
881.81,22.92
881.82,22.32
881.84,21.15
881.86,20.04
881.87,19.5
881.89,18.45
881.91,17.45
881.92,16.97
881.94,16.04
881.96,15.16
881.97,14.74
881.99,13.93
882.01,13.17
882.02,12.8
882.04,12.11
882.06,11.45
882.07,11.14
882.09,10.55
882.11,10.0
882.12,9.744
882.14,9.254
882.16,8.802
882.17,8.59
882.19,8.192
882.2,8.005
882.22,7.658
882.24,7.343
882.25,7.197
882.27,6.927
882.29,6.686
882.3,6.575
882.32,6.374
882.34,6.197
882.35,6.117
882.37,5.975
882.39,5.854
882.4,5.801
882.42,5.709
882.44,5.635
882.45,5.604
882.47,5.554
882.49,5.519
882.5,5.506
882.52,5.49
882.54,5.486
882.55,5.488
882.57,5.5
882.58,5.509
882.6,5.533
882.62,5.565
882.63,5.584
882.65,5.625
882.67,5.672
882.68,5.697
882.7,5.75
882.72,5.806
882.73,5.835
882.75,5.895
882.77,5.956
882.78,5.987
882.8,6.05
882.82,6.113
882.83,6.145
882.85,6.208
882.87,6.269
882.88,6.3
882.9,6.36
882.91,6.389
882.93,6.447
882.95,6.503
882.96,6.53
882.98,6.582
883.0,6.633
883.01,6.657
883.03,6.704
883.05,6.748
883.06,6.769
883.08,6.81
883.1,6.849
883.11,6.868
883.13,6.904
883.15,6.937
883.16,6.954
883.18,6.985
883.2,7.015
883.21,7.03
883.23,7.058
883.25,7.086
883.26,7.1
883.28,7.127
883.29,7.141
883.31,7.169
883.33,7.197
883.34,7.211
883.36,7.24
883.38,7.271
883.39,7.287
883.41,7.32
883.43,7.356
883.44,7.374
883.46,7.413
883.48,7.455
883.49,7.477
883.51,7.523
883.53,7.573
883.54,7.599
883.56,7.654
883.58,7.712
883.59,7.743
883.61,7.807
883.63,7.875
883.64,7.91
883.66,7.984
883.67,8.022
883.69,8.101
883.71,8.184
883.72,8.226
883.74,8.314
883.76,8.405
883.77,8.452
883.79,8.547
883.81,8.645
883.82,8.694
883.84,8.795
883.86,8.897
883.87,8.948
883.89,9.052
883.91,9.155
883.92,9.207
883.94,9.311
883.96,9.413
883.97,9.464
883.99,9.564
884.01,9.662
884.02,9.71
884.04,9.803
884.05,9.848
884.07,9.936
884.09,10.02
884.1,10.06
884.12,10.13
884.14,10.2
884.15,10.23
884.17,10.29
884.19,10.34
884.2,10.37
884.22,10.41
884.24,10.44
884.25,10.45
884.27,10.47
884.29,10.48
884.3,10.48
884.32,10.47
884.34,10.46
884.35,10.45
884.37,10.41
884.38,10.4
884.4,10.35
884.42,10.29
884.43,10.26
884.45,10.19
884.47,10.1
884.48,10.06
884.5,9.961
884.52,9.853
884.53,9.795
884.55,9.673
884.57,9.541
884.58,9.472
884.6,9.327
884.62,9.173
884.63,9.093
884.65,8.928
884.67,8.756
884.68,8.667
884.7,8.484
884.72,8.295
884.73,8.199
884.75,8.002
884.76,7.902
884.78,7.698
884.8,7.491
884.81,7.386
884.83,7.174
884.85,6.959
884.86,6.851
884.88,6.634
884.9,6.416
884.91,6.307
884.93,6.088
884.95,5.87
884.96,5.761
884.98,5.544
885.0,5.329
885.01,5.222
885.03,5.009
885.05,4.8
885.06,4.696
885.08,4.491
885.1,4.29
885.11,4.191
885.13,3.996
885.14,3.899
885.16,3.711
885.18,3.527
885.19,3.437
885.21,3.26
885.23,3.089
885.24,3.005
885.26,2.842
885.28,2.684
885.29,2.607
885.31,2.458
885.33,2.314
885.34,2.244
885.36,2.109
885.38,1.979
885.39,1.917
885.41,1.796
885.43,1.68
885.44,1.624
885.46,1.517
885.48,1.415
885.49,1.366
885.51,1.272
885.52,1.226
885.54,1.14
885.56,1.058
885.57,1.019
885.59,0.9436
885.61,0.8732
885.62,0.8395
885.64,0.7755
885.66,0.7154
885.67,0.6869
885.69,0.6326
885.71,0.5819
885.72,0.5579
885.74,0.5124
885.76,0.4701
885.77,0.45
885.79,0.4122
885.81,0.3772
885.82,0.3607
885.84,0.3297
885.85,0.315
885.87,0.2876
885.89,0.2623
885.9,0.2504
885.92,0.2282
885.94,0.2079
885.95,0.1984
885.97,0.1807
885.99,0.1646
886.0,0.1571
886.02,0.1431
886.04,0.1305
886.05,0.1246
886.07,0.1138
886.09,0.1041
886.1,0.09958
886.12,0.09134
886.14,0.08401
886.15,0.08065
886.17,0.07454
886.19,0.06916
886.2,0.06672
886.22,0.06234
886.23,0.06037
886.25,0.05686
886.27,0.05387
886.28,0.05256
886.3,0.05027
886.32,0.04841
886.33,0.04763
886.35,0.04633
886.37,0.04537
886.38,0.04501
886.4,0.0445
886.42,0.04427
886.43,0.04424
886.45,0.04436
886.47,0.04469
886.48,0.04493
886.5,0.04555
886.52,0.04633
886.53,0.04678
886.55,0.04778
886.57,0.04891
886.58,0.04952
886.6,0.05081
886.61,0.05149
886.63,0.05293
886.65,0.05444
886.66,0.05522
886.68,0.05683
886.7,0.05848
886.71,0.05933
886.73,0.06105
886.75,0.0628
886.76,0.06368
886.78,0.06545
886.8,0.06723
886.81,0.06812
886.83,0.0699
886.85,0.07166
886.86,0.07254
886.88,0.07427
886.9,0.07597
886.91,0.0768
886.93,0.07845
886.94,0.07925
886.96,0.08082
886.98,0.08233
886.99,0.08306
887.01,0.08448
887.03,0.08582
887.04,0.08647
887.06,0.08769
887.08,0.08884
887.09,0.08938
887.11,0.09039
887.13,0.09131
887.14,0.09173
887.16,0.0925
887.18,0.09317
887.19,0.09346
887.21,0.09397
887.23,0.09437
887.24,0.09453
887.26,0.09477
887.28,0.0949
887.29,0.09492
887.31,0.09489
887.32,0.09483
887.34,0.09463
887.36,0.09432
887.37,0.09412
887.39,0.09366
887.41,0.09309
887.42,0.09277
887.44,0.09206
887.46,0.09125
887.47,0.09081
887.49,0.08988
887.51,0.08886
887.52,0.08833
887.54,0.08721
887.56,0.08602
887.57,0.08541
887.59,0.08415
887.61,0.08285
887.62,0.08219
887.64,0.08085
887.66,0.07949
887.67,0.07881
887.69,0.07746
887.7,0.07679
887.72,0.07548
887.74,0.0742
887.75,0.07359
887.77,0.07242
887.79,0.07133
887.8,0.07083
887.82,0.06993
887.84,0.06917
887.85,0.06886
887.87,0.06837
887.89,0.06811
887.9,0.06807
887.92,0.06821
887.94,0.06866
887.95,0.06901
887.97,0.07002
887.99,0.07145
888.0,0.07234
888.02,0.07452
888.04,0.07728
888.05,0.0789
888.07,0.08266
888.08,0.08482
888.1,0.08976
888.12,0.09559
888.13,0.09888
888.15,0.1063
888.17,0.1148
888.18,0.1196
888.2,0.1301
888.22,0.1422
888.23,0.1488
888.25,0.1634
888.27,0.1799
888.28,0.189
888.3,0.2088
888.32,0.231
888.33,0.2431
888.35,0.2695
888.37,0.2989
888.38,0.3149
888.4,0.3494
888.41,0.3681
888.43,0.4085
888.45,0.4533
888.46,0.4774
888.48,0.5293
888.5,0.5866
888.51,0.6174
888.53,0.6835
888.55,0.7561
888.56,0.795
888.58,0.8782
888.6,0.9693
888.61,1.018
888.63,1.122
888.65,1.235
888.66,1.295
888.68,1.423
888.7,1.563
888.71,1.637
888.73,1.794
888.75,1.964
888.76,2.054
888.78,2.244
888.79,2.345
888.81,2.558
888.83,2.787
888.84,2.908
888.86,3.163
888.88,3.436
888.89,3.579
888.91,3.881
888.93,4.203
888.94,4.372
888.96,4.727
888.98,5.104
888.99,5.301
889.01,5.714
889.03,6.151
889.04,6.379
889.06,6.854
889.08,7.356
889.09,7.618
889.11,8.161
889.13,8.732
889.14,9.028
889.16,9.642
889.17,9.961
889.19,10.62
889.21,11.31
889.22,11.66
889.24,12.4
889.26,13.16
889.27,13.55
889.29,14.36
889.31,15.2
889.32,15.63
889.34,16.51
889.36,17.43
889.37,17.89
889.39,18.85
889.41,19.83
889.42,20.33
889.44,21.35
889.46,22.39
889.47,22.92
889.49,24.0
889.51,25.09
889.52,25.65
889.54,26.78
889.55,27.34
889.57,28.49
889.59,29.65
889.6,30.24
889.62,31.42
889.64,32.6
889.65,33.19
889.67,34.38
889.69,35.57
889.7,36.16
889.72,37.35
889.74,38.52
889.75,39.11
889.77,40.27
889.79,41.42
889.8,41.99
889.82,43.1
889.84,44.2
889.85,44.74
889.87,45.8
889.88,46.32
889.9,47.33
889.92,48.31
889.93,48.78
889.95,49.7
889.97,50.58
889.98,51.01
890.0,51.82
890.02,52.58
890.03,52.95
890.05,53.63
890.07,54.27
890.08,54.56
890.1,55.11
890.12,55.6
890.13,55.83
890.15,56.23
890.17,56.57
890.18,56.71
890.2,56.96
890.22,57.14
890.23,57.21
890.25,57.29
890.26,57.31
890.28,57.3
890.3,57.22
890.31,57.16
890.33,56.99
890.35,56.76
890.36,56.62
890.38,56.3
890.4,55.91
890.41,55.7
890.43,55.23
890.45,54.7
890.46,54.42
890.48,53.81
890.5,53.16
890.51,52.81
890.53,52.09
890.55,51.32
890.56,50.92
890.58,50.09
890.6,49.22
890.61,48.77
890.63,47.86
890.64,47.38
890.66,46.42
890.68,45.44
890.69,44.93
890.71,43.91
890.73,42.88
890.74,42.35
890.76,41.29
890.78,40.22
890.79,39.69
890.81,38.61
890.83,37.52
890.84,36.98
890.86,35.89
890.88,34.81
890.89,34.27
890.91,33.2
890.93,32.14
890.94,31.61
890.96,30.56
890.98,29.53
890.99,29.02
891.01,28.01
891.02,27.51
891.04,26.53
891.06,25.57
891.07,25.1
891.09,24.17
891.11,23.27
891.12,22.82
891.14,21.96
891.16,21.12
891.17,20.7
891.19,19.9
891.21,19.13
891.22,18.75
891.24,18.01
891.26,17.31
891.27,16.96
891.29,16.3
891.31,15.66
891.32,15.35
891.34,14.75
891.35,14.47
891.37,13.91
891.39,13.38
891.4,13.13
891.42,12.64
891.44,12.17
891.45,11.95
891.47,11.52
891.49,11.12
891.5,10.93
891.52,10.56
891.54,10.21
891.55,10.05
891.57,9.736
891.59,9.444
891.6,9.306
891.62,9.044
891.64,8.801
891.65,8.687
891.67,8.472
891.69,8.273
891.7,8.181
891.72,8.007
891.73,7.926
891.75,7.775
891.77,7.639
891.78,7.576
891.8,7.46
891.82,7.357
891.83,7.31
891.85,7.225
891.87,7.151
891.88,7.118
891.9,7.059
891.92,7.01
891.93,6.988
891.95,6.952
891.97,6.924
891.98,6.912
892.0,6.895
892.02,6.883
892.03,6.88
892.05,6.878
892.07,6.88
892.08,6.883
892.1,6.892
892.11,6.898
892.13,6.912
892.15,6.929
892.16,6.938
892.18,6.959
892.2,6.98
892.21,6.992
892.23,7.015
892.25,7.038
892.26,7.05
892.28,7.073
892.3,7.095
892.31,7.106
892.33,7.126
892.35,7.144
892.36,7.153
892.38,7.167
892.4,7.179
892.41,7.184
892.43,7.191
892.45,7.194
892.46,7.194
892.48,7.191
892.49,7.188
892.51,7.178
892.53,7.164
892.54,7.156
892.56,7.134
892.58,7.108
892.59,7.093
892.61,7.058
892.63,7.019
892.64,6.997
892.66,6.95
892.68,6.897
892.69,6.869
892.71,6.809
892.73,6.743
892.74,6.709
892.76,6.636
892.78,6.558
892.79,6.518
892.81,6.434
892.82,6.39
892.84,6.3
892.86,6.205
892.87,6.157
892.89,6.058
892.91,5.955
892.92,5.903
892.94,5.797
892.96,5.689
892.97,5.634
892.99,5.523
893.01,5.412
893.02,5.355
893.04,5.243
893.06,5.13
893.07,5.074
893.09,4.961
893.11,4.85
893.12,4.795
893.14,4.686
893.16,4.58
893.17,4.527
893.19,4.424
893.2,4.374
893.22,4.276
893.24,4.181
893.25,4.135
893.27,4.047
893.29,3.963
893.3,3.923
893.32,3.847
893.34,3.777
893.35,3.743
893.37,3.681
893.39,3.626
893.4,3.6
893.42,3.554
893.44,3.515
893.45,3.498
893.47,3.469
893.49,3.447
893.5,3.439
893.52,3.428
893.54,3.424
893.55,3.425
893.57,3.433
893.58,3.44
893.6,3.459
893.62,3.485
893.63,3.501
893.65,3.539
893.67,3.583
893.68,3.608
893.7,3.664
893.72,3.726
893.73,3.76
893.75,3.832
893.77,3.91
893.78,3.952
893.8,4.04
893.82,4.133
893.83,4.181
893.85,4.282
893.87,4.388
893.88,4.443
893.9,4.555
893.92,4.67
893.93,4.73
893.95,4.85
893.96,4.911
893.98,5.036
894.0,5.162
894.01,5.226
894.03,5.354
894.05,5.482
894.06,5.547
894.08,5.675
894.1,5.803
894.11,5.867
894.13,5.993
894.15,6.116
894.16,6.177
894.18,6.297
894.2,6.414
894.21,6.47
894.23,6.581
894.25,6.687
894.26,6.738
894.28,6.837
894.29,6.884
894.31,6.973
894.33,7.057
894.34,7.096
894.36,7.169
894.38,7.235
894.39,7.265
894.41,7.32
894.43,7.366
894.44,7.386
894.46,7.421
894.48,7.447
894.49,7.456
894.51,7.469
894.53,7.473
894.54,7.472
894.56,7.463
894.58,7.445
894.59,7.433
894.61,7.401
894.63,7.361
894.64,7.338
894.66,7.285
894.67,7.256
894.69,7.191
894.71,7.117
894.72,7.078
894.74,6.993
894.76,6.901
894.77,6.852
894.79,6.749
894.81,6.639
894.82,6.582
894.84,6.464
894.86,6.34
894.87,6.275
894.89,6.143
894.91,6.007
894.92,5.937
894.94,5.794
894.96,5.648
894.97,5.574
894.99,5.423
895.01,5.27
895.02,5.193
895.04,5.037
895.05,4.958
895.07,4.8
895.09,4.642
895.1,4.563
895.12,4.404
895.14,4.245
895.15,4.166
895.17,4.009
895.19,3.852
895.2,3.775
895.22,3.621
895.24,3.469
895.25,3.394
895.27,3.246
895.29,3.1
895.3,3.028
895.32,2.887
895.34,2.749
895.35,2.681
895.37,2.548
895.39,2.418
895.4,2.355
895.42,2.231
895.43,2.171
895.45,2.053
895.47,1.939
895.48,1.884
895.5,1.776
895.52,1.672
895.53,1.622
895.55,1.524
895.57,1.431
895.58,1.386
895.6,1.298
895.62,1.215
895.63,1.175
895.65,1.097
895.67,1.024
895.68,0.9882
895.7,0.9202
895.72,0.8558
895.73,0.8249
895.75,0.7658
895.76,0.7374
895.78,0.6833
895.8,0.6323
895.81,0.608
895.83,0.5616
895.85,0.5181
895.86,0.4974
895.88,0.4581
895.9,0.4213
895.91,0.4039
895.93,0.3707
895.95,0.3399
895.96,0.3253
895.98,0.2978
896.0,0.2722
896.01,0.2601
896.03,0.2373
896.05,0.2162
896.06,0.2063
896.08,0.1877
896.1,0.1705
896.11,0.1624
896.13,0.1473
896.14,0.1402
896.16,0.1269
896.18,0.1147
896.19,0.109
896.21,0.09835
896.23,0.08863
896.24,0.0841
896.26,0.07566
896.28,0.06798
896.29,0.0644
896.31,0.05776
896.33,0.05174
896.34,0.04895
896.36,0.04377
896.38,0.03909
896.39,0.03692
896.41,0.03292
896.43,0.02931
896.44,0.02765
896.46,0.02458
896.48,0.02182
896.49,0.02055
896.51,0.01822
896.52,0.01714
896.54,0.01517
896.56,0.01341
896.57,0.01261
896.59,0.01113
896.61,0.009813
896.62,0.009212
896.64,0.008113
896.66,0.00714
896.67,0.006696
896.69,0.005886
896.71,0.005171
896.72,0.004846
896.74,0.004255
896.76,0.003736
896.77,0.0035
896.79,0.003073
896.81,0.002698
896.82,0.002529
896.84,0.002223
896.86,0.001956
896.87,0.001836
896.89,0.00162
896.9,0.001522
896.92,0.001347
896.94,0.001196
896.95,0.001128
896.97,0.001006
896.99,0.0009018
897.0,0.0008552
897.02,0.0007721
897.04,0.0007012
897.05,0.0006697
897.07,0.0006139
897.09,0.0005667
897.1,0.0005458
897.12,0.0005092
897.14,0.0004784
897.15,0.000465
897.17,0.0004416
897.19,0.0004221
897.2,0.0004137
897.22,0.0003992
897.23,0.000393
897.25,0.0003823
897.27,0.0003736
897.28,0.00037
897.3,0.0003638
897.32,0.0003589
897.33,0.0003568
897.35,0.0003534
897.37,0.0003506
897.38,0.0003495
897.4,0.0003476
897.42,0.000346
897.43,0.0003452
897.45,0.000344
897.47,0.0003428
897.48,0.0003422
897.5,0.0003409
897.52,0.0003396
897.53,0.0003389
897.55,0.0003374
897.57,0.0003357
897.58,0.0003348
897.6,0.0003327
897.61,0.0003316
897.63,0.0003291
897.65,0.0003264
897.66,0.0003249
897.68,0.0003217
897.7,0.0003182
897.71,0.0003163
897.73,0.0003124
897.75,0.0003082
897.76,0.000306
897.78,0.0003013
897.8,0.0002964
897.81,0.0002939
897.83,0.0002886
897.85,0.000283
897.86,0.0002802
897.88,0.0002743
897.9,0.0002682
897.91,0.0002651
897.93,0.0002588
897.95,0.0002523
897.96,0.000249
897.98,0.0002423
897.99,0.0002389
898.01,0.0002321
898.03,0.0002252
898.04,0.0002217
898.06,0.0002147
898.08,0.0002077
898.09,0.0002041
898.11,0.0001971
898.13,0.0001901
898.14,0.0001865
898.16,0.0001795
898.18,0.0001726
898.19,0.0001691
898.21,0.0001623
898.23,0.0001555
898.24,0.0001522
898.26,0.0001456
898.28,0.0001391
898.29,0.0001359
898.31,0.0001296
898.32,0.0001265
898.34,0.0001204
898.36,0.0001145
898.37,0.0001116
898.39,0.0001059
898.41,0.0001004
898.42,9.766e-05
898.44,9.239e-05
898.46,8.73e-05
898.47,8.482e-05
898.49,8e-05
898.51,7.536e-05
898.52,7.31e-05
898.54,6.873e-05
898.56,6.455e-05
898.57,6.252e-05
898.59,5.86e-05
898.61,5.486e-05
898.62,5.306e-05
898.64,4.958e-05
898.66,4.628e-05
898.67,4.469e-05
898.69,4.163e-05
898.7,4.016e-05
898.72,3.734e-05
898.74,3.468e-05
898.75,3.341e-05
898.77,3.097e-05
898.79,2.867e-05
898.8,2.758e-05
898.82,2.549e-05
898.84,2.352e-05
898.85,2.259e-05
898.87,2.081e-05
898.89,1.915e-05
898.9,1.836e-05
898.92,1.687e-05
898.94,1.547e-05
898.95,1.481e-05
898.97,1.356e-05
898.99,1.24e-05
899.0,1.186e-05
899.02,1.082e-05
899.04,9.867e-06
899.05,9.417e-06
899.07,8.569e-06
899.08,8.171e-06
899.1,7.422e-06
899.12,6.734e-06
899.13,6.411e-06
899.15,5.805e-06
899.17,5.25e-06
899.18,4.991e-06
899.2,4.506e-06
899.22,4.063e-06
899.23,3.856e-06
899.25,3.47e-06
899.27,3.119e-06
899.28,2.956e-06
899.3,2.652e-06
899.32,2.377e-06
899.33,2.249e-06
899.35,2.011e-06
899.37,1.797e-06
899.38,1.698e-06
899.4,1.514e-06
899.42,1.348e-06
899.43,1.272e-06
899.45,1.131e-06
899.46,1.065e-06
899.48,9.454e-07
899.5,8.378e-07
899.51,7.884e-07
899.53,6.974e-07
899.55,6.161e-07
899.56,5.789e-07
899.58,5.105e-07
899.6,4.496e-07
899.61,4.218e-07
899.63,3.708e-07
899.65,3.256e-07
899.66,3.05e-07
899.68,2.673e-07
899.7,2.34e-07
899.71,2.188e-07
899.73,1.912e-07
899.75,1.668e-07
899.76,1.558e-07
899.78,1.357e-07
899.79,1.266e-07
899.81,1.101e-07
899.83,9.559e-08
899.84,8.903e-08
899.86,7.717e-08
899.88,6.681e-08
899.89,6.213e-08
899.91,5.369e-08
899.93,4.634e-08
899.94,4.303e-08
899.96,3.707e-08
899.98,3.189e-08
899.99,2.957e-08
900.01,2.539e-08
900.03,2.178e-08
900.04,2.016e-08
900.06,1.726e-08
900.08,1.476e-08
900.09,1.365e-08
900.11,1.165e-08
900.13,9.929e-09
900.14,9.163e-09
900.16,7.797e-09
900.17,7.189e-09
900.19,6.106e-09
900.21,5.18e-09
900.22,4.768e-09
900.24,4.037e-09
900.26,3.414e-09
900.27,3.138e-09
900.29,2.649e-09
900.31,2.234e-09
900.32,2.05e-09
900.34,1.725e-09
900.36,1.45e-09
900.37,1.329e-09
900.39,1.115e-09
900.41,9.339e-10
900.42,8.545e-10
900.44,7.146e-10
900.46,5.97e-10
900.47,5.453e-10
900.49,4.547e-10
900.51,3.787e-10
900.52,3.454e-10
900.54,2.871e-10
900.55,2.616e-10
900.57,2.171e-10
900.59,1.799e-10
900.6,1.637e-10
900.62,1.354e-10
900.64,1.118e-10
900.65,1.016e-10
900.67,8.377e-11
900.69,6.899e-11
900.7,6.258e-11
900.72,5.145e-11
900.74,4.224e-11
900.75,3.826e-11
900.77,3.135e-11
900.79,2.566e-11
900.8,2.321e-11
900.82,1.896e-11
900.84,1.547e-11
900.85,1.397e-11
900.87,1.138e-11
900.89,9.255e-12
900.9,8.343e-12
900.92,6.775e-12
900.93,6.102e-12
900.95,4.945e-12
900.97,4.003e-12
900.98,3.6e-12
901.0,2.909e-12
901.02,2.347e-12
901.03,2.108e-12
901.05,1.698e-12
901.07,1.366e-12
901.08,1.225e-12
901.1,9.833e-13
901.12,7.887e-13
901.13,7.06e-13
901.15,5.652e-13
901.17,4.519e-13
901.18,4.039e-13
901.2,3.223e-13
901.22,2.569e-13
901.23,2.293e-13
901.25,1.824e-13
901.26,1.627e-13
901.28,1.292e-13
901.3,1.025e-13
901.31,9.121e-14
901.33,7.221e-14
901.35,5.71e-14
901.36,5.075e-14
901.38,4.006e-14
901.4,3.158e-14
901.41,2.802e-14
901.43,2.205e-14
901.45,1.733e-14
901.46,1.536e-14
901.48,1.205e-14
901.5,9.437e-15
901.51,8.35e-15
901.53,6.53e-15
901.55,5.1e-15
901.56,4.505e-15
901.58,3.512e-15
901.6,2.735e-15
901.61,2.412e-15
901.63,1.875e-15
901.64,1.652e-15
901.66,1.282e-15
901.68,9.93e-16
901.69,8.737e-16
901.71,6.757e-16
901.73,5.22e-16
901.74,4.585e-16
901.76,3.535e-16
901.78,2.723e-16
901.79,2.388e-16
